2012e8013261179
201248600108082
201228003308005
2012e8014661085
201228015029016
201228008437010
201228006069074
201228010715004
201228015329002
201228017308024
2012e8017561015
201228012115019
201248540407135
201228000907014
201228006137015
201228011215041
201228015814004
201228007514054
2012e8004261069
201228005710004
201228018215002
201228010315005
201228004133030
201228013537033
201228012940029
201228007313015
201228007514063
201228010415030
201228014629077
201228011315030
201248260508096
201228006514039
201228005811036
201228012940016
201228018629073
201218004122012
201228016443010
2012e8007461032
201218004133030
201228011215047
2012e8016761037
201228006514032
201228004237033
2012e8009029045
201228017728010
2012e8018433013
201228006045094
201228002826018
201228004237020
201218001027047
201228008629017
201228006338028
201228010210016
201228010515071
201228013229127
201228014628017
201228010515012
201228004237031
201228000907038
201228013626048
201228008629011
2012e8001061062
201228007534080
2012e8012761053
201218012115060
201228001027044
201228000907049
201228006010039
201218014628024
201228006215017
201228015547016
201228006812035
201228007513023
201228010315019
201228015329016
201228000243084
201228006912019
201228013622012
201228006812007
201228010715009
2012e8003261110
201228004237022
201228017422011
201228000936062
201228018629030
201228014628063
201228010515015
201228018629053
201228016029027
201218000718024
2012e8010561095
201228016715017
201228015547012
2012e8003861110
201228013229134
201228008006021
201228000718005
201228012738058
201228004515038
201218007514048
201218000807116
201228000807071
201228018629066
201228000206020
201228006812031
2012e8018161027
201228008904010
201228010515037
201228002509027
201218012115059
201228003208019
201228017727008
201228010515063
201228004508015
201218000718033
2012e8002461025
201228010515002
2012e8018433010
201228008801005
201228006912024
201228013229147
201228007010005
201228003922036
201228000936072
2012e8011261082
201228012715018
2012e8010561093
2012e8018415011
201218006812047
201228004608007
201228008817024
201228007010006
201228007329051
201228000807051
201228015329007
201228017515002
2012e8010861017
201228007326041
201228006514025
201228000206015
201228013524002
201228000718056
201228002427011
201228006010002
201228015547015
2012e8018415015
201228010415037
2012e8007361081
201228000206013
2012e8013761099
201228000936070
201228015615006
201228000206045
201228015029031
201228013727082
201228000531009
201228008743007
201228012740061
2012e8006861082
201228010269046
201228001715024
201228013229041
201228012215017
201228006812043
201228016514018
2012e8004261064
2012e8017461032
201228007410005
201228012715019
201228018629070
201228000907047
2012e8008561033
201228010615014
2012e8009222011
201228008743016
201228008515006
201228003024053
201218014825024
201228013726106
201228010515072
201218000718030
201228007610011
201228000206069
201228003833075
2012e8002461026
201248600108072
201228018629031
201228007335065
201228008437012
201228000206061
2012e8011361063
201228000807002
2012e8006161023
2012e8001061070
201228006912014
201228000718008
201228015029024
201228006912017
201228007610002
201228011015003
201228013726037
201228003208039
2012e8008437021
201228008744041
201228012138036
201228006137020
201228013229024
2012e8014861042
201228008006002
201228016715030
201228003833100
201228006010007
201228003208021
201218001707007
201228003837106
201228018629001
201228012215005
201228010515016
201228017110010
201228016715016
201228002718006
2012e8001061061
201228011015017
201228004237026
201228012250028
201228001027048
201228004308010
201248540407122
201248540307109
201228010515084
201228001027053
201228008515007
2012e8011361047
201218003024058
201218000206061
201228004237030
201228005811028
201228001027029
201218014628012
201228004237035
2012e8010761057
201228006310005
2012e8000761071
201228003608015
2012e8012861035
201228017307010
201228001027035
201228017933008
201228006069079
201228011215015
201228013229001
201228006837067
201228004522044
201228008904007
201228003833077
201228011215013
2012e8011061036
201228004133008
201228015926032
2012e8012861036
201248540408133
201228011315016
2012e8004361054
201248240508090
2012e8011361055
201228011015013
201228005811004
2012e8000861109
201228011215065
201228004237042
201228005811041
2012e8009327011
201228016443011
201228000206005
2012e8014661100
201228000936059
201248540307110
201228017422017
201228005710008
201228014825022
201218011042038
201228013626071
201228014628034
201218003008014
2012e8007361069
201228011215067
201228000936061
201228006069077
201228010615017
201228004133061
2012e8006861079
2012e8007361072
201228012115018
201228002509011
201228002509019
2012e8013661107
201228007514059
2012e8002861034
201228004308015
201228011015021
201249010411047
201228013726004
201228000718051
2012e8008222019
201228018427003
201128003908012
201228004133010
201228013229084
2012e8013861106
201228018629064
201228000718014
201228002607001
201228013229129
201228012115025
201228013229064
2012e8018661081
201228013726038
201228008629010
2012e8016061043
2012e8014861051
201248540707103
201228006010056
2012e8017961020
201228017727007
201228008805016
201218006514023
201228010240062
201228014825020
2012e8007461027
201228010642053
2012e8018661037
201228008107001
201228003833101
201228013524022
201228013229096
201228004237037
201228017322046
201228010515067
201228004522054
201228017542023
2012e8009029028
201248660108058
201228003608017
201228012815016
201228004237047
201228000807038
201228012715011
201228000206067
201228012815027
201228008107002
2012e8013761092
2012e8003361017
201228008006034
201228012715033
201228006812044
201228007514067
201218000531032
201228012503013
201228008437011
201228013229059
201228011015020
2012e8009161014
201228012503033
201241047512093
201228008410002
201128005732013
201228006912033
2012e8004161050
201228014629071
201228007329057
201228013229120
201228006812033
201228012503047
2012e8001061063
201228007410007
201228012715004
201228011315020
2012e8002661008
2012e8018161026
2012e8011061033
2012e8016761042
2012e8009029034
201228014825002
201228014628042
201248240507088
2012e8009327016
201228000807079
201228018629055
201228015926056
2012e8013261169
201228004308012
201228000718006
2012e8009327013
2012e8004661024
201228000807055
201218003008024
201228017220006
201228004308001
201228003024046
201228010315014
201228007513038
201228002421007
201228008629014
2012e8014661097
201228013727064
201228017826018
201228013524001
201228011215073
201228008627005
2012e8009029025
201228013726036
201228015329012
201228013626050
201228000718022
201228000244087
201228000216075
201228005811044
201228012715021
201228017515007
201228000807033
201228016510004
201228004308009
2011e8012961026
2012e8008629030
201228008743024
201228016029023
201228018629004
2012e8004161047
201228006812049
201228007313003
201228004237027
201228013229146
201228017422013
201228004508007
201228010715023
201228004208003
201228012503032
201228015029029
201228001007002
201228012215021
201228001007014
201228004133038
201228012250029
201228010415014
201228006514005
201228006812020
201228000206054
201248540307099
201228000936057
201218014825026
201228006812037
201228000807027
201228010642040
2012e8006561052
201228008208001
201241047507088
201228003222094
201228007514066
201228002607003
201228015029020
2012e8006861083
201228013626041
201228013524029
2012e8003261103
201228013524031
201228004333024
201228000907046
2012e8008561030
201228012715022
201228014628006
201228013229087
2012e8017261021
201228014628002
201228003908029
201228017515012
201228008410001
2012e8004561064
201228003022040
201228017110006
201228000206048
201228015029013
201228013524004
201228010515073
201228012250026
201248260508097
201228010815014
201248540707093
201228011215014
201218004508016
2012e8017461033
201228010740065
201228006514014
2012e8005861053
201228007610028
201228011215070
201228014628059
201228017322045
201228006110007
2012e8012560027
201228008743026
201228004608004
2012e8004361045
201228011042048
201218014825012
201228013726040
201228016715003
201228017826012
201228004215008
201228017826020
201228000206056
201228003008012
201228005710006
201228007534075
201228008313009
201228016715033
2012e8010761055
201228010715011
201228006310008
2012e8004361044
2012e8006961053
201228000206010
201228000206024
2012e8002461024
201228000243085
2012e8017761031
201228000718007
201228000206052
201228004237050
201228010615018
201228013229034
201218000807050
201228004508017
201228006812058
2012e8013261162
201228000206063
201228000908050
201228000807023
201228014825010
201248260508092
201218015926039
201228008846041
201228010315068
2012e8015061083
201228003208066
201228002829026
201228017422020
201228013524024
201228010642038
201228010740066
201228013626029
201228003208012
201218013229085
201228001007012
2012e8015661013
201228015029050
201228008743001
201228004215014
201248260508087
201228013229125
201248300108025
201228000206051
201228016029008
201228000807004
201248260508089
201228017110007
201228003208010
201228010215039
2012e8006961048
201228006912032
201228000907029
2012e8001761045
201228015926012
201228014628039
201128010615018
201228013229093
201228006010027
201228011315021
201228004133037
201228015615003
201228010715026
201228010715038
2012e8010561094
201228008743008
201228007513025
201228008817026
201228003908024
201228001207007
201228017307017
201228013524017
2012e8018261010
201228002006003
201228016514028
201228006812041
201228013626080
2012e8010261071
2012e8011261091
201228015329009
201248240508085
201228011215004
201228012815005
201228010215033
201228001207005
201228003208080
201228013229123
201228011315022
201228007313018
2012e8016061045
201228004133022
201228003222099
201228015926034
201228010515059
201228011315013
201228005414010
201228015127036
201218000807066
2012e8015961050
2012e8007661061
201228006010020
2012e8010861021
201228017307005
201228018629017
201228001027041
201228006912021
201228008311004
201228006137016
201218006010089
2012e8004261082
2012e8004261073
2012e8013661105
201228008107008
201228013726024
201228017220007
2012e8014861040
201228003922037
2012e8006961046
2012e8011261085
201128017110008
201228004215010
201228000718037
2012e8008462024
201228016443005
201228008311001
201228013626082
201228000206023
201228006912026
201228002409002
201228014628033
201228008629012
2012e8000961084
201248530107066
201228002829027
201228003208040
201228018629014
201228012503035
201228000718057
201228016029002
201228000718027
201228011215033
201228018115010
201228003608007
201228004333027
201228008904003
201228015329014
201228006912003
201228012915003
201228006514042
201228018629025
201218000807078
201228005732016
201218017308021
201228002509033
201228011215093
201228004308007
2012e8004561057
201228014628055
201248660108065
201228007326030
201228002917002
201228007010026
201228013229135
2012e8010261051
201228017419008
201228005811025
201228010715020
201228013229065
201228004133029
201228017227009
201228008744031
2012e8003961039
2012e8004261071
2012e8013261165
201228017308033
2012e8006361031
201228008006022
2012e8013761093
201228004237088
201228012715025
201228017729021
2012e8003861117
201228013727056
201228011315014
2012e8003961043
201228004508020
201228006514019
201228011215092
201228000807042
2012e8012761051
2012e8006161025
201228018629016
201228003008023
201248710207021
201228003608004
201228010515031
2012e8007461031
201218000807096
201228017110026
201228000718050
201228011315008
201228011215072
201228011315034
201228006015067
201228015029012
201228003833090
201228013229110
201228004322022
201228008107014
201218003008034
201228012815003
201228000807039
2012e8018433008
201228014825006
201228008415009
201228015029079
201228015926013
201228013229043
201228016514047
201228005811046
201228010615023
201228006514018
201228016715015
201228011015019
201228000907003
201228011015002
201248540707095
201228010515049
201248300108020
201228016609007
2012e8006561050
2012e8015061082
201228007514043
2012e8003861111
201228008107018
201228000206065
201228000206055
201228013524015
201228001027050
201228012715029
201228012115023
201228009222007
201228000807012
201228007514042
201228004507004
201228007631049
201228010615019
201228010715031
201228015029036
201228013727077
201228003208051
201228008743014
2012e8018528001
201218003008032
201228002917007
201228003208064
201228013626075
201228013229132
2012e8013561038
201218001007028
201228012915002
201228003008014
201228004522050
2012e8015961043
201228006015061
201228001736036
201228018629048
201228017922004
201228010315012
2012e8013761086
201228014628025
201228016029031
2012e8000861106
201228012503024
201218000206084
2012e8004661022
201228006514004
201218013524021
2012e8008561032
201228016514036
2012e8018061015
201228014628035
201228010515043
201228017933027
201228004633018
2012e8015061087
201228008743029
201228010515064
201228013229114
201228014825032
201228013626092
2012e8012161032
2012e8013761105
201228011215045
201228008801001
201248240507086
201228008006025
201218015029027
2012e8004161051
201218014825005
201128010615009
201228006912031
201228017307007
201218012115051
2012e8007361076
201228011315029
201228002509010
2012e8014861052
201228017922006
201228013626052
201228018629068
201228013229044
201228013229014
201228000807040
2012e8001061074
201228006812029
201228006514035
201228012815006
2012e8011061040
2012e8002461021
201228012938013
201228000206066
2012e8002861038
201228007010014
201228000718012
201228015547027
201228008208007
201218012115046
201228011215027
201228006310007
201228011015023
201228007313027
201218000718021
2012e8010761053
201228010315010
201228006514001
201228003222095
2012e8004261072
201248540707096
201248540407123
201218017308035
201228006912029
201228004522055
201228007329058
2012e8009029026
201228004215013
2012e8003861107
201228015128042
201228010815002
201228016715006
201218006010010
201228013626038
2012e8009327015
2012e8009327001
201228004237032
201228004237056
201228010642048
201228011015012
201228008313006
201228018012003
201228013229090
201228014628008
201228013626090
201228013524021
201228013229028
201228000718033
201241047507098
201228012115011
201228015329010
201228008410006
2012e8002861029
201228016029025
201228012503019
201248540307103
201228010515054
2012e8014661096
201228007010032
201228000722067
201228012503036
2012e8011061034
201228014825011
201228013229045
201228006010038
201228017322048
201228001715023
2012e8014661095
201228004614016
2012e8004161054
201218003833132
201218001707001
201228007514071
201228003833097
2012e8002861041
201248530107065
2012e8016761041
201228013524018
201228004333032
201228007514051
201228010515045
201228011215028
201228003208065
2012e8013761088
201228016512006
201228010315044
201228015814008
201228005414001
201218004133015
201228010515017
201228015926020
201228011315024
2012e8017761038
201228007611035
201228016215009
201228008107009
2012e8008561040
201228007513028
201228010715015
201228006338029
2012e8003961040
201228011315035
201228001007010
201228010815015
201228000718063
2012e8002461023
201228013524014
201228008744035
201228002917006
201228013229030
201228018115026
201228013626034
201228007410016
201228004322017
201228011215012
201218014825023
2012e8003061069
2012e8013761090
201228008849012
201218003833101
201228018629019
2012e8016061039
201228017933028
2012e8010261059
2012e8006261030
201228007326037
201228007611034
2012e8004561056
201228003208058
201228017515004
2012e8010361066
201228001715025
201228004137040
2012e8013561039
201228014825004
2012e8008561036
201228000807015
201228007513029
2012e8013561034
201228013229103
2012e8001061059
2012e8003061080
201228017826019
201228011215018
201228003208093
201228016715012
201228014628003
201228007410015
201228010215038
201228000206033
201228001007007
201228015029002
2012e8011063043
201228008743013
201228013229106
201228006812025
201228013607003
201228006514036
201228007329046
201228018233004
201228000718002
201228010315026
201228017220003
201248540707100
201228000907044
201228007513006
201228012715008
2012e8008627020
201228012215002
201228008515018
2012e8002461018
201228013622026
201228018115006
201228006010014
201228003833103
201228005811035
201228015029022
201218001736035
201228010315020
201228014825003
201228000807075
201228005811016
201228002808005
201228002509005
201228011042050
201228000718036
201228001207006
201228010715017
201228008006026
201218003208166
201128005710002
201228012940024
201228000718054
201228008311003
201228000206016
201228000718046
201228006010001
201228008107019
2012e8017261014
2012e8010561097
201228000807068
201228001707010
201228003833093
201228018427004
201228012715014
201228003208075
201228010515023
201228006010036
201228013727075
201228007326039
201228011215044
201228006215010
201228000807031
201228006514006
2012e8009029021
201228013726021
201228005811007
201228006514041
2012e8004261063
201228000807026
201228017419010
201228007514058
201228008006029
201228015926036
201228017826017
201228011215031
201228010515062
201228005811013
201228003208030
201228013626059
201228007410001
201228004522053
201228017113019
201228018629047
201218012115034
201228015029074
2012e8017961021
201228018137018
201228015029042
201248260508086
2012e8000861097
201218003208108
201228004237060
201228006010037
201228003024044
201228013524009
201228003308013
2012e8018061024
201228017111015
201228013622028
2012e8015961052
201228001027040
2012e8009029019
201228015547022
201228003222101
201218003022038
201228012115008
201228010210001
201228013524012
2012e8006861089
201228004508009
201228003208027
201228015814005
2012e8008627022
201228000718061
201228008006015
201228015926026
201218013726036
2012e8007461037
201218007534095
2012e8017861028
201228008744029
201228003633021
2012e8012961028
201228003208074
201228007326032
201228000718064
201218007514045
201228015869012
2012e8014661084
201228000807045
201228004508033
201228016715025
201248600108081
2012e8013261149
201228017110002
201228011215071
201228005811040
201228012815001
201248660108063
201228004608006
201228006010018
201228005414008
2012e8014861049
201228014628061
2012e8018427005
201228002627007
201228010642055
201228005811037
201228007313006
201218000206047
201228001027031
201228000206009
201228004507005
201228013727057
201228004508030
201228007615044
201228013607005
2012e8017961014
2012e8003261109
201228017308039
201228013229021
201228000718049
2012e8007461034
2012e8012761054
201228003933038
201228006514009
201228001027017
201228000807029
201228007010001
2012e8006561045
201228016514016
201248300108021
201228001736041
201228002509017
201228000907012
201228010315031
2012e8000861096
2012e8011361049
201228012715028
201228003222102
2012e8013761103
201228003208078
201228004122005
201228016715023
201228006045093
201228015547020
201228003908013
201228012715036
2012e8005761023
201218001707016
201228000229078
201241065708017
201228003308001
201228003208018
201228003633020
2012e8010561092
201228013229022
201228017110008
201228011215049
201228003024047
2012e8000761075
2012e8003961045
201228004133035
201228004133012
201228014628013
201228011042056
2012e8010663036
2012e8006961047
2011e8010661051
201228003007006
201228007313025
201228017727005
2012e8007061037
201228004122003
201228013726030
201228007610019
201228004333026
2012e8010261069
201228013229077
201228014628012
201228013622022
201228011015009
201228000518001
201228008006007
201228015029028
201228000206044
201228010315051
201218001707012
2012e8018528010
201228007610024
201228010515021
2012e8013761096
201228017422018
201228012115016
201228014628014
201228017308030
201218001027053
201228003008013
201228004515039
201228015926030
2012e8004361052
201228016029011
201228004237061
201228007410002
201228013607002
201228006010041
2012e8018661041
201128010515016
2012e8004361051
201228000936069
201228007513027
201228017315040
201228008208002
201228017322051
201228015615008
2012e8006861081
2012e8018661060
201228000807017
201228015329004
2012e8018161034
201228003633024
201228007611036
201228010315056
201228013622024
201228002421005
201228005811006
201228003908010
201228016029014
201228006015059
201228002718001
201228005811017
201228007534078
201228012715015
201228004308013
2012e8009029042
2012e8009029050
2012e8006361026
201228006215014
201228013626084
201228004508021
201249010411049
201228002509001
201228007610018
2012e8000761076
2012e8006861084
2012e8014861044
201241047508085
201228010515075
201228008515002
2012e8008136027
201228012715034
201228012215019
201228013229051
201228004308008
201228000229076
2012e8015161065
201228001007008
201228010515008
201228006010049
201228003208020
201218001027037
201218013229056
201228001027025
201248540407136
201228001207011
201228004522043
201228007010034
201228013524027
201218014628032
201228001707009
2012e8011061038
201228015029032
201228018069012
201228010515081
2012e8010861020
2012e8010261068
2012e8010261050
201241047507099
2012e8007661064
2012e8013261174
2012e8008629036
201228008515025
201228010815011
201228002822009
201228008743005
201228017419009
201228000206001
201228013626063
2012e8009161016
201228007534081
201228009329004
2012e8004361047
201228015029061
201228011315026
201228003208033
2012e8002861032
201228007611032
201228000718003
201228005811005
2012e8018261011
201228013229040
201248260508094
2012e8017561020
2012e8012761050
201228008515003
201228007010010
201228000807095
2012e8013761101
201218000807016
201228013622014
201228017110003
201228006215013
201128010515010
201228011215021
201228013229066
201228016512008
2012e8004261079
201228008107011
201228015029037
2012e8018261014
201228000807043
201228010515055
2012e8006961058
201218000718032
201228011215019
201228003908017
201228008628009
201228014629070
2012e8017861022
201228000807063
201228015120019
201218013607016
201228017515008
201228003008029
201218007514065
201228013727078
201228010515085
201228015329021
201228006514008
201228006812034
201228018629020
201228003208008
201228013229101
2012e8010861027
201228016029003
2012e8007661063
2012e8015961046
201228008515009
201228017110005
201228000718023
201228004237055
2012e8014661098
201228010269047
201228011215034
201228003308002
201228017769026
201228014825029
2012e8000861121
201248530107062
2012e8017261018
2012e8008233022
201218000206069
201228008515011
201228004215007
201228001027037
201228017708001
201228012115010
201228006110004
201248530107067
201228018629052
201228006514027
201228009329001
201228013727059
201228006837070
201228003024058
201228010615008
201228007610004
201218013229029
201228014629074
201228013229119
2012e8010861019
201228004215015
201228010715021
201228012503014
2012e8007061049
2012e8007061045
201228018629034
2012e8007361074
2012e8009029058
2012e8012161033
201228010315006
201228000907015
201228013726031
201228017729019
201228006514002
201228006010010
201228007534076
201218015029004
2012e8014861045
201228004133011
201228012115005
201228005811019
201228008904011
2012e8011361054
201228004614017
201228001715026
201228008628008
201228015926004
2012e8000861105
201218001027058
201228006812004
201228000807092
201228001027052
201128007010010
2012e8004361053
201248540408126
2012e8018661035
201228007335062
201228015547023
201228011215060
2012e8009029041
201228010515057
2012e8000861113
2012e8015061081
201228007329047
2012e8015861020
2012e8013261156
201228003208076
201228008627002
201241047507086
2012e8003061079
2012e8015161050
201228002917009
201228000807094
201228005732020
201228017307003
201228016444019
201228003024060
201228018215001
2012e8012161038
2012e8016061034
201228012115021
201228018115005
201228003608008
201228001707016
201228003208011
201228009222009
2012e8013261166
2012e8004661028
201228017110009
201228008627003
201228005414004
2012e8011361048
201228003208024
201228008006003
2012e8013661093
2011e8010663055
201228004237025
201228016029028
201228012915001
201228002409001
201228006011058
201228018629059
2012e8009161010
2012e8018415014
201228013727061
201228013726007
201228007329052
201228000718009
201128016215019
201228006912038
2012e8010061284
2012e8000861108
201228007514064
201228014825012
201228012503022
201228012115041
201228013626067
2012e8013261173
201228002917005
201228012503009
201228000807078
201228013622021
201228010715002
2012e8018528002
201228002509008
201228002822011
201228001207020
201228006912012
201228017728009
201228006514010
201228004133020
201228010740063
201228007514070
201241047507084
201228010315067
2012e8013261167
201228004133024
201228013626058
2012e8006561055
2012e8000961074
201228007514069
201248580108053
201228008515012
201248540407138
201218010715033
201248540408137
2012e8001061079
201228012940019
201228008208015
2012e8013561046
201228012715035
201228003024057
201228006010005
201228006841086
201228003608018
201228000807069
201228013229074
201228018629067
2012e8010861029
201228000206046
201228013524016
201128013726018
2012e8018061020
201228012940017
201228004522051
201228017933010
201228004133021
201128005732008
201228003208061
201228001707001
201228000907026
201228002509034
201228008743028
201228013229131
201228017727006
201228007610016
201228014628029
201228010515048
201228000936063
201228011015006
2012e8006561046
2012e8012961008
201218012115081
201228017307016
201228003833086
201248540307096
201228016402002
201228010515066
201228003008030
201241065708018
201228007010020
201228004608003
2012e8007361066
201228015029001
2012e8004261067
201218003208027
201228017727004
2012e8014861050
201228003208082
201228001207001
201228012940030
201228004122004
201228018629061
201228006812046
201228010642047
201228003833095
201218003208079
2012e8004261080
201228004308005
2012e8018433009
201228013229013
201228006210007
201218014628017
201228004322020
2012e8014861047
201228014628021
201228017515006
201228011215010
201228000907048
201228007631055
201228016029021
2012e8002761013
201228013524030
2012e8006961052
201228006514020
2012e8012560029
201228003208069
201228005710002
201228004133019
2012e8008124024
201228000718055
201228005811039
201228018629054
2012e8010361063
201228011015018
201228016715029
201228004522047
201228007513013
201228013229002
201228013727071
2012e8014861041
201228006137022
2012e8010761058
201228015029027
201228006941056
201228002808007
201228006010040
201218013229087
2012e8018661042
201228016715011
201228018069009
201128016215010
2012e8017361057
201228013229038
201228001707011
201228000206030
201228002627006
201228012715009
201228008107015
2012e8013261148
201228008314016
2012e8010361060
201228004308011
201228006010028
201228006811001
201228007513040
201228011315040
2012e8017561019
201228006110013
201228004137039
201228012715038
201228008515022
2012e8015161058
201228013726011
2012e8009222016
201248540307106
201228012815012
201228004333030
201228017408006
201228011015011
201228007010018
201228013229008
201228017114022
201228002826019
201228007010029
2012e8017461025
201228010715003
201228015926038
201228010715025
201228006331013
201218003833087
201228011315007
201248710208023
2012e8013261164
201228007610029
201228013726104
201228010715046
201228006310011
201228006137017
201248622108033
201228004308004
201218004215055
201228014628005
201228000206040
201228000807014
201228015547003
201228010415007
2012e8004161041
201228000718032
201228003024059
201228006812028
201228007513030
201228004237044
201228000718018
201228003308004
201218004137063
2012e8000961088
201218014628049
201228011315061
201228011315027
201228012215012
201228015029007
201228003833083
201228000206064
201228006514024
2012e8009029060
201228013726006
201218013726035
201228015121024
2012e8008437019
201248240508089
201228010515058
2012e8013261152
201228013626072
2012e8008561028
201228010615010
2012e8009029015
201228003908027
201228015329013
201228007326029
201228001027023
201228010515074
2012e8010861018
201228016444017
201218011315011
201228007329049
2012e8013361048
201228003007005
201228006812063
201228013229122
201218012938016
201228010515009
201228016715035
201228011315060
201228017808004
201228001736034
201248540307105
201228011315045
201228000206053
201218011315046
201228017542026
201228018629072
201218003022042
201228011215053
201228000206027
201228001707018
201228015029051
2012e8003261111
201228006812036
2012e8007661065
201228002509021
2012e8004561058
2012e8016061042
201218003022047
201228017875008
201228012115004
201248540408130
201228013626060
201228003007004
201228010515102
2012e8013561040
201228006010017
201228001027046
201228012215009
201228004333033
201228013229139
201228006812017
201248540408125
201228015127031
201228010715035
201228015329011
201228012715010
201228000907011
201228004237041
2012e8017561018
201218000206012
201228010715033
201228000807024
201218003008026
201228013229037
201248580108048
201228018069017
201228002627004
2012e8011261081
201228006010046
201228002509035
201228013727069
201228007610031
201228001736037
201228010642039
2012e8013261168
2012e8003961046
201228008515023
201228012715020
201228003024045
201228011215062
2012e8009029024
2012e8001061066
201228003208007
201228000206026
201218012115067
201228008904021
201228003033064
2012e8007361085
201228013726025
201228008208006
201228010210027
201228010215030
201228010642049
201228010515040
201228000907018
201228001027047
201218013607030
201228012115015
201218000718036
2012e8005361012
201228004237058
201228015814006
201228004308006
201228013524049
201241047507092
2012e8000961075
2012e8018528006
201228012815028
2012e8011061032
201228000807053
201228012940020
201128012215025
201228013626033
201228008410004
201248240508094
201228008208010
201218006514022
201228017769024
2012e8013661110
201228004322018
201228013229137
201228014825018
201228006812064
201228006010016
201228000206002
201228013229029
201228017110011
201228004333025
201228000908051
2012e8007361078
201228010210019
201228013229092
201228006514029
201228010315003
201228001027055
201228011215001
201228015615005
201228012215018
201228010210020
201228002822008
201228016514045
2012e8003061067
2012e8000761070
201228016609003
201228004215009
201228011215029
201228006010021
201228007010024
201248240508084
201228012250027
201228008904004
201228015547010
201228015029062
201228008313007
201228010315069
201228014628036
201228015029068
201228016715032
201228015329019
2012e8008233025
2012e8009327014
2012e8005861054
201228008006016
201228006514015
201218003208128
2012e8017261024
201128007610011
201248540408141
201228008006014
2012e8012861037
2012e8010361064
2012e8015161052
201228008904012
201228006841085
2012e8004361049
201228010715037
201228013229072
201228013626077
201228016715013
201218012115031
201228013229047
201228013229075
201228014628044
201228002427013
201228008744028
201228010515069
201228011215094
201228006912009
201228000206021
201241047507091
2012e8013361041
201228012815004
201228017308026
201228006812030
201228007313001
201228001207009
201228005417013
201228004237043
201228003608006
201228008849011
201228004508024
201228015926019
201228005811049
201228005811027
201248710207022
201228016029029
201228017408007
2012e8010761052
2012e8011361058
2012e8011061035
201228006812015
2012e8003861116
201228010315046
201228014825016
201228010815006
201228018115008
201228010515052
201228015547013
201228008107020
201228004133018
201228011315005
2012e8009222012
201228008314017
201228012215003
201228007513033
2012e8011261080
2012e8002761011
201228000907013
201128005414011
201228013726019
201228013607008
201228018629044
201218007514044
201228006514021
201228017422014
201228010210023
201228006310002
201228006812065
201228000206011
201241042207094
201228003022041
201228002826022
201228002718002
201228018629013
2012e8012861039
201228015029076
201228002427012
2012e8018061023
201228015329005
2012e8009029023
201228007512001
2012e8005361011
201228012503002
201228018137014
201228010210006
201218000206049
2012e8000561030
201228001707006
201228003508001
201228013622018
2012e8002861036
201228008118021
201228003022032
201218003024057
201228013626030
201218000243093
201228012503040
201228007610022
201228017729015
201228014628043
2012e8017461029
201228002509004
201228012115013
2012e8007661058
201228012503043
2012e8008561027
201228003208016
201228016715026
2012e8017761028
201228006812032
201228015547006
2012e8010761067
2012e8009220010
201228001736038
2012e8003561101
2012e8003861108
201228000807044
201228016715020
201228006210008
2012e8018061026
201228018529012
201248540707102
201228011215066
2012e8010663030
201218011315008
201228010315023
201228006912008
201228006912002
2012e8007461030
201228008107012
2012e8011261087
2012e8004161053
201228011203077
201228015547008
2012e8010561096
201228007513002
2012e8017961024
201228010315053
201228000206031
201228017915001
201228003608014
201228000206062
201228002917010
201228018629050
201228015029015
2012e8010561099
201228013626046
2012e8004261065
201228008006032
201228012503016
201228017922005
2012e8006061083
201228013726010
201228005414003
201228007329059
201228000229077
201248260508085
201218015926027
201228000807085
201228003837105
201228000807049
201228005710001
2012e8004661031
201228006514016
201228006812014
201228004133027
201228012215020
2012e8017261016
201228000807001
201128010615002
201228000907032
201128010615007
201228003908023
201218000807080
201228006269018
2012e8011061037
201228008849008
201228011215005
2012e8002861033
201228013626043
2012e8014661090
201228012171035
201228018115009
201248580107047
201228010715007
201228007329050
201228002808003
201228012940021
201228003208023
201228006331018
201228002509006
201228015029064
201228011215054
201228006514022
201228012738057
2012e8010261058
201228002718005
201228008107006
201228016443004
201228010615032
201228018629051
201228016609008
201228013524003
201228003833096
201228015615004
201228006110003
201228006269020
201228006010054
201228017110001
201228013229017
201228004508010
201228011215032
2012e8006861075
201228008904013
201228004522042
201228017308020
201228008846042
201228012715026
201228004508026
2012e8011061030
201248300108019
201241047507096
2012e8011361053
201228016443015
201128000807045
201228015926021
201228003333015
201228003208017
201228013727066
201228017307004
201228003908015
201228017542029
201228011215007
201228010615020
201228012815024
2012e8008629031
201228012503041
201228015129047
201228010642050
201228014628058
2012e8009161012
201228007513034
201228016514022
2012e8001761050
201228003633025
2012e8017961018
201228003833080
2012e8017861026
201228010815030
201228001722028
201228000206041
201228003007003
201228000807090
201248540307100
2012e8013261177
201228008006027
201218012115084
201228017235013
201248660108067
201228007514072
201228004333023
2012e8003861109
201228010210004
201228004208002
201228006812019
201228013524032
201228013229094
201228017769025
201228000807010
201228012415031
2012e8017261023
201228011315018
2012e8001061071
201228013229143
2012e8012761055
201228014629069
201228011215039
201228005811045
201228015329015
201228010642051
201228000807048
201228016029019
201228013229006
201228012503007
201228014629072
201228006110009
201228011315042
201228007615046
2012e8011361050
201128012215006
201228003833084
2012e8002461017
201228013229109
201228012738059
201128005732012
201228017308036
201228004122007
201228015029055
201228002509025
201218013626047
201228001707015
201228000206008
201228012815013
201228004237036
201228016715031
201228011215046
201228013229112
201248622108035
201248540707098
201228008313005
201248530508029
2012e8003261104
201128005732018
201218013626045
201228003208026
2012e8001061057
201228013229055
201228010515014
201228015129046
2012e8003961048
201218013726030
2012e8016061037
201228010315021
2012e8018161025
201228000718021
201228013626061
201228013727043
201228004208085
201228017308031
201228004237038
201228007313017
201228008846038
201218013229008
201228013229056
201228013229054
201228000206070
201228001027027
201228005314007
201228017315041
201228004333036
201228007513007
201228008437015
2012e8010561098
201228006010050
2012e8003561100
201228008744030
201228010815005
201228000807087
201228012115006
201228007313007
2012e8009029044
2012e8010761047
201218010315057
2012e8009029033
2012e8003961041
201228000718065
201228003033065
201218003022049
201228013727058
201228016609011
201228008006013
201228016443008
201228013229061
2012e8013661098
201228003033066
2012e8015961055
201228013229060
201228014628057
201228012940023
201228010515028
2012e8000861102
2012e8013761097
201228010642054
2012e8000961091
201228015926015
201228014628030
2012e8009029027
201228000807074
201228015306001
201228007514056
201228013229107
201228015029060
201228018629021
201248540408139
201228000907009
201228011215008
2012e8000761072
201228016029030
201228010840023
201228010515026
2012e8013761094
201228005314009
201228013229097
201228013622013
201228016569055
201228001007006
201228000531005
201228013229079
201228008515008
201218004133036
201228000531020
201228007513011
201228010515005
201228015329020
201228006514030
201228013622016
2012e8017761041
201228015926009
201228008627006
201228000206060
201228005314004
201228012503004
201228010615011
201218003208135
201228011015024
201228000718013
2012e8013261161
201228002006001
201228006969042
201228004508029
201228008208014
201228007513017
201228003024055
201241047512094
201228012815021
201228010315004
201228003833085
201228006110012
201228015029033
2012e8001761048
201228006514017
2012e8000861120
2012e8007661057
201228006812051
2012e8010361062
2012e8009029014
2012e8017761042
201228017915002
2012e8010361059
201228003007002
201228015029039
2012e8013661112
201228014825015
2012e8015961051
2012e8017761037
201228000907022
201228012715024
201228010815008
201228013626031
201228015029038
201218006912015
2012e8003061078
201228013229142
2012e8008222027
201228012737039
201228006137019
2012e8006861072
201228012715002
201228007514061
2012e8015161055
201248540707099
201228000206050
201228000531007
201228002901001
201228000518002
201228012815015
201228010315013
201218000206041
201228017307012
2012e8008561037
2012e8010861028
201228008233023
201228015547014
201228010515087
2012e8010761061
201228011315004
201228010815012
201218001027054
201228003222097
201228014825001
201228005414009
201228013229098
201228015029046
201228001027049
201228014628004
201228012915005
201218013727048
201228003222096
2012e8012961006
201228010815013
201228018629077
2012e8003061068
201228007410014
201228013229042
2012e8009161001
201228013229082
201228000243083
2012e8006561054
2012e8000861100
2012e8017461026
201228010615022
201228010840022
201248540307108
201228007610001
201128005417014
201218013229051
201228015926023
201218010215033
201228007513009
201228007010028
201228003022038
201228013626066
201228017227011
201228013229015
201228015547026
201228014825008
201228010715042
2012e8014861039
2012e8009029038
2012e8010261049
201228015029021
201228004133026
201228010715001
201228008743009
201248260107006
201228005732014
201218003024068
201228004237059
201228004133034
201228016029005
201228014825019
201228000807007
201228018629027
201228001007011
201228013626032
201218014628083
201228016029032
2012e8010761060
201228015547021
2012e8006261026
201228003908008
2012e8013661100
201248540408140
201218012115073
201228003008018
201228010615005
2012e8011061041
201218004133031
201228004215006
201228008515020
201228000936068
201228011315036
201228001707021
201228015029017
201228006015071
201228013229023
2012e8006561051
201228002917003
201228000718016
2012e8003261117
2012e8008124025
201228016029012
201228010515025
201228015615001
2012e8007361075
201228003208028
201228009207002
2012e8004361050
201228005417017
201228015029005
2012e8010761049
201218006010012
201228014629076
2012e8015961048
201228015029034
201228000807059
2012e8013261176
201228011015025
2012e8002861040
201228004522045
201228004237021
201228000936065
201228003922035
201228000206038
201228007010003
201228013626049
201228008805020
201228009207005
2012e8017761039
2012e8003561102
201228016029016
201228011315028
2012e8010461044
201228006812056
201241047512090
201228018629032
201228006110005
201228015029014
2012e8007061048
201228010515018
201249010411051
201228010515039
201228006812057
2012e8012761042
2012e8018261012
201228000206057
201228003208048
201228017915003
201228000807018
201228013626044
201228016609004
2012e8015161048
2012e8014661086
201228010642037
201228001207008
201228004237018
201228017808001
2012e8009327003
201228018629026
201228000807013
201228016715022
201228003208057
201228011315044
201228007329048
201228015029008
2012e8011061028
201228016402003
201228007326033
2012e8017461030
2012e8013661097
201248660108060
201228013726027
201228015029057
201218013727061
2012e8017761033
201228004133062
201248710208024
201228003922034
201228003208034
2012e8003961042
201228002842042
201228010315029
201228000936093
201228003208054
2012e8003261114
201228006110010
201228015127040
201218003008031
2012e8018528004
201228011215064
201228006010019
201228011215051
201218006010086
201228008744038
201248240508096
201228003608002
2012e8001061067
201228006331015
201228018115002
201228012815017
201228006137018
201218007010032
2012e8008561031
201218013727064
201228018629007
201228015869015
2012e8010561101
201228013229068
201228009209006
201248540307101
2012e8003061076
201228012938012
201228010715027
2012e8012761052
201228007010019
201228012503011
201228003833089
201228007329044
201228015926040
201228014628051
2012e8012761047
201241065707012
201218000243100
201228014628049
201228006812022
201228000807064
201228008006035
201228007313016
201228000206029
201228013229033
201228004522052
2012e8013661109
201228007427022
201228005811042
201228012715032
2012e8004661021
201228004322019
201228006010042
201228000206068
201228015029077
201248530508030
2012e8015961045
201228004508013
201228016510002
201228007410013
201228004237019
2012e8004661026
201228011315019
201228005811023
201228016029004
201228013726013
201228010210002
201228013626085
2012e8000961078
201228003608012
201228013626088
201228008846037
201228011215059
201228008801003
2012e8001761046
201228012737040
201228015029019
201228016715010
201228007610005
201228013229019
201228013626040
201218013607019
2012e8008629034
201228003008008
201228003308008
201228001736042
2012e8017761043
2012e8004161060
201228012938014
201228002509012
201228013727048
201228018629024
201228000807082
201228010515051
201228011015001
2012e8018161028
201228007514052
201228017322049
201228010815007
201228008817023
201228000718026
2012e8017561022
201228017728013
201228000206058
2012e8018661036
201228006010006
201228007010009
201228008805017
201228001027028
201228018012005
2012e8009327020
2012e8008136028
2012e8003261118
2012e8013561043
201218010515075
201228006514031
201228010215032
201228007514041
201228010215028
201228007514073
201228001027015
201228015029030
201248540307102
2012e8007061041
201228015029070
2012e8009161002
201228006331014
201228004508014
201228016514049
201228007631054
201228007427021
2012e8012761045
201228002421006
201228000718017
201228015869011
2012e8009029036
201228014628022
201228010210010
201228003208029
201228010515036
201228006010048
201228017408004
201228005811050
201228004508018
201228000908052
2012e8013861075
201228000718044
2012e8009029054
2012e8011061042
201228002822016
201228008314014
2012e8010661027
2012e8001061075
2012e8007361086
201228010415016
2012e8009029018
201228007427020
201228014825023
2012e8011261079
201218006010073
2012e8010261055
201228013229130
2012e8001061077
2012e8006062088
2012e8006361023
2012e8012560026
2012e8009161006
201218001027062
2012e8008629028
201228008743019
201228012815008
201228017227010
2012e8011361056
201228013726020
201228013229111
201228011215017
2012e8006261025
201228000807056
201228016569063
201248660108061
2012e8012961027
201218010715010
2012e8013361037
201228018629045
201218003833118
201228007513036
2012e8012560030
201218011042028
2012e8004561063
201228000807036
201228006812088
201228006912023
2012e8001061080
2012e8015961042
2012e8002861030
201228002421008
201228010715028
201228016215008
2012e8004661027
201228003208063
201228000206071
201228013726002
201228007313019
2012e8017961023
201228015329008
201228007610009
201228008744040
201218000807034
201228016029047
201228015029069
2012e8008961019
2012e8015061084
201248540408128
201228006310003
2012e8004261075
201228003024062
201228013229117
201228007513003
201228007427019
201228003008028
201228017808002
201248660108062
201228000718042
201228013626079
2012e8008627021
201228015329006
201248600108071
201228007313026
201248260508095
201228010815003
201228003208044
201228007335060
2012e8017861024
201228008006017
201228003208032
2012e8017461037
201228013626064
201228006514003
201228003908009
201228010715008
2012e8004261078
201228003208073
201228006015062
201228015926033
201228013626035
201228013229050
2012e8015161069
2012e8016061036
201228015029041
2012e8013661106
201228015029026
201228010269042
2012e8004161049
201218013726032
201228007610008
201228017408003
201228010210008
201228007514047
201228006812054
201228008006005
201228003908012
201228010315039
201228016514038
201228004333028
201228008743012
2012e8013361045
201248710208025
2012e8015161071
2012e8013261172
2012e8004161042
2012e8003061082
201228008629015
201228018069008
201228010715034
201228001715022
201228012503046
201228004237052
201228000907027
201228007329056
201228003208031
2012e8004161056
2012e8004661030
201228011215058
201228001909001
201228001707012
201228012503038
201228001207012
201228012815019
201228013229080
2012e8008437018
201228003208052
201228013524011
201228017114021
201228005314005
201228008846036
201228000907008
201228013229009
201228001027039
201228012503015
201228007427018
201248240508093
201228010515079
201228004133014
2012e8013561044
201228000807008
201228000807065
201228011042049
201228000807062
201228003024050
201228016029013
201228000718045
201228012940031
201228007010016
201228003008010
2012e8003261113
201228002822012
201228011037027
201228013727081
201228010515033
201228007010004
201228012250024
201228007010015
2012e8000561029
201228007514055
2012e8000861116
201228015029053
201228010215031
2012e8000561031
201228016443007
201228007010017
201228007610021
2012e8012560031
201228003208053
201228012503018
201218000807026
201228013607001
201228010515090
2012e8003261108
201241065708016
201228008314015
201218003208120
201228013726022
201228018629062
2012e8011361051
201228003022034
201228010210026
201228013727051
201228007615045
2012e8013561048
201228000807047
201218003208163
201218003022045
2012e8012861038
201228000243086
201228010210007
201218000206036
201228014628052
201228017422024
201228002627005
201228001707013
201218013626052
201228004608008
201228013229095
201128010642028
201228001027026
2012e8017361054
201228017307018
201218014825009
201228001027019
201228012815033
201228003908007
201228012215007
2012e8000961086
201228013726015
201228000718059
201228013622019
201228003908033
201228003208014
2012e8003661026
201228001207003
201228003908022
2012e8006561048
201228008415008
201228018629065
2012e8009029059
2012e8009327005
201228018629078
201228015029071
201228004508011
201228017515013
201228013726012
201228014628060
201228010840025
2012e8000961073
201228008313010
201228017808006
201228010515024
201228000807003
201228007010030
201228006137014
201228007513018
201228000807032
2012e8000561027
201228013626074
201228000907010
2012e8008332021
2012e8006861071
2012e8007361084
2012e8017561021
201248260508098
201228008313008
201228015029040
201228003208067
201228013726028
201228011042045
2012e8002861037
201228015029003
2012e8006361025
201218007514073
2012e8002661009
201228017422016
201228014825007
201228007010011
201228011015008
201228006514007
201228000206028
201228013229144
201218007514070
201228012737041
201228013727046
201228004237051
201228017515005
201228001207014
201228008904009
201218014628004
201228003608001
201228012815022
201228014628027
201228006514038
201228006215011
201228008107013
2012e8015861019
201228006010033
201228000907040
201228010210014
2012e8006861074
2012e8001061064
201228010715018
201228013726042
201228018137024
2012e8001761047
201228000206014
201248540707094
2012e8009161007
2012e8006361024
201228018629023
201228018629069
201228008627004
201228015547031
2012e8013261154
201228006010023
201228008849009
201228011015016
201228007313012
201228006812047
201228001027051
2012e8014661089
201218007010025
2012e8017261019
201228001027054
201228010315018
2012e8003261119
201218015926043
2012e8012961026
2012e8003261112
201218001007025
201228008744037
2012e8004561065
201218000807057
201228018629015
2012e8013761089
2012e8012761044
2012e8012161031
201248260508088
201228012715012
201228017315042
2012e8008222021
201228013229011
201228001207010
2012e8009029047
201228001707017
201218013229075
201228017308037
201228005414005
201228014825024
201228000807006
201228017515014
201228002718008
201228017933009
201228000807050
201228011315006
201228003633022
201228006310006
201248540408129
201228017110012
201218000718031
201228002509016
201228000216074
2012e8018427007
201228008904001
201228010615003
201228013229113
2012e8012161029
201228008006001
201228007514057
201241047507101
2011e8010663052
201218012115063
2012e8009327010
2012e8007061042
201228010515022
201228006010047
201228017308023
201228000907024
201228000206035
201228007610030
201248530107063
201228008743011
201228006137021
201228004133036
201228006912020
201228015029063
201241047512095
201228001707020
201228004614012
201228008801004
201228016514013
201228014628007
201228000718030
201228013229057
2012e8001761051
201228009222008
201228007611033
201228000907043
201228003608010
201228007514053
201228017308032
201228008233024
201228013727055
201228007326040
201228011215035
201228017308061
201228005811047
2012e8006062085
2012e8007461036
201228006310012
201228012138037
2012e8002661010
201228015547017
201228018012006
201228010315042
201228007326031
2012e8014861043
2012e8013261151
201228004333039
201228015029043
201228002509002
201228017542027
201228011215011
201228004122006
201228008743017
201228004508032
201128016239020
201228013229138
201228000907020
201228000907017
201248300108023
201228010315036
2012e8010361061
201228013727072
201228003908005
201228009329008
201228012115040
201228003208025
201228000206012
201228006015065
201228012115014
201228010515003
201228000718031
201228000807058
2012e8004261086
201228007010027
201228008006004
201228006269019
2012e8017861027
201228015547001
201228015869016
201228011015014
2012e8017461031
201228005811038
201228004522041
2012e8017761032
201218014825016
201228003208079
201228012503042
201228002509014
201228016715019
201228008437016
201228000807052
2012e8007061044
201228007513031
2012e8017461035
201228006210006
201248540408132
201228005811024
201228018629075
201228003608005
201228004308003
201248300108024
201228003024061
201228003908020
201228000531022
201228015029025
201128012215016
201228017307001
201228006137023
201228014628024
201228006837069
201228003908006
201228004508006
201228002822010
201128010615011
2012e8011361062
201228007514068
201228003208047
201228013229070
201228007610003
201228011315017
201228000718015
201228006015060
201228004522040
2012e8009029061
2012e8009029035
201228017542024
201228013229121
201228007514044
2012e8016061038
2012e8012161026
201228000807067
201228015129045
201228000718029
201228007513032
201228010315011
201228017308035
201228018137013
201228010840024
2012e8013661094
2012e8002461019
201228013229073
201228018629003
201228013727047
201228010315050
201228015029075
2012e8004261081
201218006514010
201248660108066
201228014629080
201228006514034
201228002826020
201228015926008
201228006941055
201228011215037
201228013229124
201228000907030
2012e8004361046
201228002718004
201228000718058
201228006812062
201228010315027
2012e8017361059
201228008627007
201228018629010
201228000531013
2012e8009029049
201218013626057
2012e8009029022
201228000807028
201228000807046
201228007513035
2012e8007361077
201228013229118
201228000531008
2012e8015961041
201228013229083
201228006069075
201228004508028
201218014628064
2012e8001761052
201218013626056
201228017307015
201228008006012
201228016029010
201228017826015
2012e8007461028
201248540307095
201228016715005
201228017308034
201228003908016
201228010210005
2012e8018661039
201228013229003
201228012938011
201248540707091
2012e8011061039
2012e8003061074
201228013726014
201228017307008
201228017220008
201128010642039
2012e8017761040
201228003208072
2012e8006061081
201228010715022
201228013626069
2012e8013761102
201228010215035
201228003024048
201228004522049
2012e8016061033
201228001027033
201228015127033
201228014825030
201228013229076
2012e8013661095
201228000243082
201228007313022
201228000807016
201228008629013
201218000531015
2012e8017561016
2012e8017361060
201228014825025
201228006812005
201228007410010
201228012815014
2012e8009029062
201228012815023
201228017111016
201228009329006
201228007313023
201228016715028
201228011215040
201228015547011
201218013727057
2012e8010361065
201228004237024
2012e8018161031
201228006812016
201228012715027
201228013727067
2012e8010261048
201228008006030
2012e8008629035
201228018629029
201228017113018
201228012715006
201228013727079
2012e8009029046
201228010215036
2012e8006261028
201228003008011
201228010315055
2012e8010261056
201228002842041
201248580108051
201228003024051
2012e8007461029
201228013726018
201228013229185
201228017515001
201228003833087
201228011015010
201228001736031
201228001736043
201228000907035
201228015120012
201228008313012
201228011315038
201228008744034
201228015814002
201228015029072
201228011315012
201228010515011
201228010215040
201248540707090
201228004608010
201228012738060
201228003208092
201218000807090
201228001736039
201228007010025
201228006514023
201228003222098
201228015926022
201228006210009
201218012115044
201228006010003
2012e8006261027
201228017322047
201248600108078
201228000206042
201218015926032
2012e8017461027
201228003833081
201228003208003
201228000929056
201228015547019
201228003008027
201228008107016
201228003208086
201228010240063
201228017307013
201228013229005
201228006812013
2012e8001061069
201228017307019
2012e8000961090
201228010315008
201228010515078
2012e8007661062
201228001027036
201228014628031
201228003208005
2012e8018261009
201228000807022
201228008006010
201228013727073
201228013229046
201228005811001
2012e8015061080
201228016715007
201228014825017
201228006310001
201228010715043
201228012115009
201228000718039
201228010515029
201228005314002
201218007010040
201228006812039
201228013622027
201218001736034
201228017408001
201228003833098
201228006215012
201248540307107
201228007534074
201228016444018
201228013229099
201228013229141
2012e8013661103
201228005811031
2012e8000861107
2012e8003261105
201228016514048
201228008107010
201228010240065
201228016715008
201228011315033
2012e8009161009
2012e8018261005
201228013727063
201228014628046
2012e8003661027
2012e8017261026
2012e8016761039
201228001007003
201228013726034
201228011042046
201218003208182
201218013229020
201228007313004
201228017729020
2012e8002861031
201128012215017
2012e8009029020
201228011315031
201228004237016
201228003008009
201228000908053
2012e8013761087
201228010240066
201228002509023
201228004333035
201228006537043
201228006812018
2012e8013761085
201228017422021
201228006338030
201228015547028
201228003208091
2012e8013261157
201228015547009
2012e8005861055
201248540707092
201218013229040
201228013607007
201228003208077
201228004133028
201228017826016
201228015869018
201228010715032
2012e8010261070
201228015029073
201228003008025
201228018408001
201228014869037
2012e8006961057
2012e8000861112
201228001027042
201228004237046
201228018012004
201228007329053
201228017110025
201228011215038
201228016512005
201228007410009
201128016215003
201228000718048
201228010642044
2012e8009029032
2012e8004261077
201228011069026
201228015127039
201228006812048
2012e8004161059
201228013607010
201228016609009
201218007513020
2012e8013361038
201228015029054
201228003908028
201228006010024
201228017111017
2012e8000861103
201228013524007
201228008805018
201228004133016
201228013229136
2012e8000961080
2012e8006062090
201228011215055
201228018629012
201228017408005
201228010715063
201228005811048
201228015029052
201228016609006
2012e8000861098
201248540408127
2012e8013261175
201228013524026
2012e8017461038
201228000531019
201228007329086
201228008208009
201228015029047
2012e8018528005
2012e8018422006
201228006310009
201228013727045
201228004507003
201228004522046
2012e8009029029
201228003022042
201228003908031
201218000807084
201228011215026
201228011215061
201228007514065
201228013726026
2012e8017861023
201228003208084
201228000807093
201228015926039
2012e8006161024
201228016510001
2012e8009161008
201228010515089
2012e8014661087
201228006969041
201228012940018
2012e8006061084
201228013229081
201218000807011
201228012503023
201248600108077
201228014628023
201218000807062
201228010415002
201228012503037
201228008006033
201228013626054
201228002829025
201228011215063
2012e8000861099
201228012815029
2012e8008332020
201228008208016
201228010415017
2012e8018528008
201228000807005
201228010715045
201228018537010
201228006010045
201228018629063
201228005417012
201228014628048
201228003208060
2012e8012861040
201228009143043
201228010715010
201228003008026
201228017729022
201228004133066
201228003022037
2012e8017761030
201228003208081
2012e8013261163
201228000807066
201228010315017
201228006210001
201228007427024
201228004507002
201228003208055
201228007010008
201218003833134
201228012415024
201228013626037
201228010515035
2012e8017961012
201228010515080
201228007329043
201228013727084
201248530508033
2012e8003261120
201228003208015
201228010715036
201228002509024
201228012815034
201228012503001
2012e8018161033
201228013727054
201228013229115
2012e8009161013
201228010515086
201228008904015
2012e8006261023
201228010315038
201228017728012
2012e8009161015
201218007514084
201228006812006
201228000807011
201228015547004
201228017515011
201228003208087
2012e8006062086
2012e8004261066
2012e8013361036
201228006812038
201228003007007
201228012503012
201228014628009
2012e8006261029
201228006812040
201228015926016
201228010515053
2012e8009222014
201228004322021
201128016215006
201228008817022
201228003008024
201248260508090
201228013229140
201228008904014
201228010315037
201228009143044
201228014628064
201228010715044
201228014629075
201228008515004
201228010715029
201228000718010
2012e8010561100
201228015029011
201228006010011
2012e8018061022
2012e8009327008
201228003208013
201228002006002
2012e8008629027
201228016715027
2012e8012560028
201228018629028
201228013229133
201248600108074
201228008118023
201228007313009
201228011015005
201228012715005
2012e8011261088
2012e8002861028
201228008743002
201228018629018
201228005710007
201228010315022
201128016215009
201228007326034
2012e8013561036
admin
201228011015007
201241047507089
201228015127038
201228006010026
201228000206036
201228010315007
201228014628068
201228011215022
201228000229080
201228000206043
201228008846043
2012e8013761091
2012e8012161034
201228016215012
201228004122001
201228000718001
2012e8015061088
2012e8013261180
201228004237054
201228000206047
2012e8012961009
201228005417015
201228003022033
2012e8011061031
2012e8013361047
2012e8015361022
201228017515003
201228004133009
201218014628005
201228013229032
201228014825033
201228012815025
201228003833082
201228013626056
201228013622020
2012e8000961076
201228011215075
201228000907019
2012e8013261159
201228002509007
201228000929054
201228004308014
201228003208085
201218003833122
201228010642042
201228010815010
2012e8015961047
201248240507087
201228008006008
201228011215023
201218010315041
201228004333043
2012e8009029053
201228007611040
201228003308006
201228010715012
201228007610006
2012e8018161029
201248540307098
201228010515050
2012e8018661079
201228018629009
201228008743004
201228008801006
201228011215050
201228013726039
201228011315011
201228008208003
201228005811032
201228013229091
201228010615015
201128007610020
201228014628045
201228015029078
201228010515068
201228007027035
201228015547018
201228000718052
201228013726023
201228000718041
201228008006028
201228006015070
201218013229009
201228010642046
201228010269041
2012e8017361058
201228001027038
201228013626051
2012e8018661082
2012e8015161064
201228006514033
201228006514026
201228008744039
2012e8009327009
2012e8009029031
201228008006019
201228006812011
201228003308011
201228003833079
201228015926001
2012e8007461033
201228005811002
2012e8007062046
201228005314003
201228003908002
201228003308009
201228008006020
2012e8009029040
201248540707101
201228007534077
2012e8015361023
201228017875007
201248240508095
201228013622023
201228015128044
201228013727065
201248300108022
201228012115017
201228006010009
201228007410012
2012e8004261070
201228008904017
2012e8009327007
201228010240064
201228002006005
201228012715017
201228017113020
201218004508015
201228000206007
201228003908032
201228000907007
201228017422012
201228012115012
201228000718019
2012e8009161004
2012e8016761040
201228004333031
201228018629011
201228011315001
2012e8009161003
201228018629022
201128012503038
2012e8000561035
201228010515065
201228007513020
201228016029015
201228003908014
201228013726032
201228008515016
201228001207016
2012e8017961019
201228011215036
201228017114023
201228011278078
201241065708014
201228001207015
2012e8017961015
201228000936058
201228013726009
201228017708002
2012e8006861077
201228011215003
2012e8015161073
201228008314013
201228008743003
201228013524010
201228013727044
201228000206004
2012e8003061081
201228000531016
201228013229088
2012e8005861052
2012e8018661049
201228010515019
2012e8006861078
201228017422019
201228010615002
201228016029018
2012e8006061080
201228017422015
2012e8000861111
201228000807072
2012e8003261116
2012e8009161005
201228015926007
2012e8011261084
201228015119004
201228007313002
201228009329003
201228010315028
201228010715024
201228004133031
201228006010052
2012e8006561049
201228006812027
201228003024063
2012e8004361048
201228003208045
201228000718034
201228008904008
201228000807019
2012e8007461035
2012e8009029039
201228008515015
201228008410003
201228014825013
201228016029001
201228005811009
201218004237096
201228003008017
201228013229031
2012e8007661060
201228006010035
2012e8012761063
201228013626047
201228012503003
2012e8000761068
201228001736040
201228010315016
201228016609001
2012e8015161063
201228005811030
2012e8008437020
201248530508031
2012e8010861026
201218000531033
201228011215068
201228001707055
2012e8006561056
201228010515047
201228002509003
201218013727052
201228000936067
201228002409003
201218017308022
201228007427023
2012e8018061014
201228012115001
201218014825007
201228007027036
201218004508011
201248530107064
201228017769027
201228004215004
201228013726003
201228000807083
2012e8017261025
201228014628040
201228010715064
2012e8007061039
201228013622017
201218004133054
201218013229077
201218015029012
201228017307061
201228015029066
201228011215052
201218000807008
2012e8018261008
201228016215002
201228003208002
201228014825034
201228017728011
2012e8015661014
2012e8001061065
201228003208070
201218004237086
201218007534101
2012e8014661094
201228001736033
2012e8007361080
201248622108036
201228007611041
201228003908019
201228007313024
201228006010032
201228003833099
201228000718011
201228013229018
201228007313014
201228006912028
2012e8000861110
201218003008025
201228010740064
201228012215013
201248540407134
201228010815004
201228010642045
2012e8007062047
201228003908026
201228003608009
201228007513021
201228006010053
201228010515060
201228013229053
201228006331017
201228011315009
201228005313001
201228017826011
2012e8001061081
201228010315033
2012e8002561032
201228013229020
2012e8009222015
201228006215016
201228016215015
2012e8010761048
2012e8008561038
2012e8009029051
201228008515021
201228010515070
201228006110026
201228006110006
201228010315015
2012e8018528007
2012e8007361079
2012e8013661099
2012e8000961081
201228007615043
2012e8009327002
201228017542028
201228004133032
201228004333034
201228010515046
201228014629073
201228002826021
2012e8013261155
201228013626068
201228013626045
201218015926037
201228004508035
201228015926035
2012e8003061072
201218000807036
2012e8013261158
2012e8013261171
201228003022036
201228001027043
201228007514045
201228012250025
201228017933007
201228000929055
2012e8008222024
201228003208043
201128016215011
201218014628079
201228000936060
201228010210009
201228017220001
2012e8012761046
201218003833094
201228001007001
201228010642041
201228010210018
201228008410007
201228004508016
201228000229079
201228017542025
201218003833120
201228011315010
201228002509015
201228008743021
201228014825021
201228010515007
2012e8009327004
201228015926006
201228013524020
201241047507087
201228010615012
201228001027018
201228001027032
201228000907016
201228004133033
201228005417011
201228000807091
201228012715013
2012e8010761059
201228003908018
201218001027055
201228014825026
2012e8017461036
201218012115075
201218011315026
201228012715001
201228006812026
201228003008022
201248600108070
201228006514013
2012e8004261062
201228000936066
2012e8006961050
201218003208022
201228003208009
2012e8013861105
201228010715016
201228000718053
201128007610001
201228018012001
201228018069010
201228004507001
201228010515044
201228007513015
201228007410004
201248600108080
201228006010013
201128010615013
201218003008022
201228017422022
2011e8010561097
201228001027045
201228006338027
201228015869017
201228012915004
2012e8010661025
201228007513026
201228006010008
2012e8011261083
201228004333042
2012e8009327017
2011e8010661048
201228007410011
201228003208006
2012e8012161039
2012e8008629033
201248660108059
201228004215087
201228000907001
201228010415010
201228008846027
2012e8013661104
201228012815030
201228017308021
201228000216073
201218000206002
2012e8015661012
201228015869014
2012e8017961013
2012e8004561060
2012e8017761029
201218017308028
201228011315003
201228007010002
2012e8012161028
201228013524028
201228003908011
201228005414002
201228010815001
201228010269044
2012e8004661029
201228003608016
201228018115001
2012e8000761069
201228018529013
201228001722027
201228006210003
201228010215037
201228012715016
201241047507097
201228002509036
201228011315032
201228013229036
201228000907023
201228003908030
201228016715018
201228016443012
201228000907041
201228013826024
201228001027016
201228017715003
201228006537044
201228016715034
201228013229104
201248580108049
201228000807041
201228013607004
201228007326035
2012e8014661082
201228004322016
201228007313010
201228014628054
201228013229128
2012e8003061071
201228000206032
201228005811003
201218003208028
201228015615002
201228004515037
201228015926017
201228008515019
201228000216072
201228006812024
2012e8001761053
2012e8007361068
2011e8010861023
201228004508025
201228007513012
2012e8012761049
201228012503048
201228003022031
2012e8010061262
201228015029059
2012e8000861118
201228000807057
201228010210067
201228006010012
201218001007011
201228006812052
201228017322062
2012e8018061021
201218006912026
201228012715062
2012e8006361019
2012e8003061083
201228010210024
201228001207013
201228004122002
201228012715037
201228017308028
2012e8017761034
2012e8004561062
2012e8016061041
201228007335061
2012e8003061073
201228003008016
201228007610014
201228016514040
2012e8004661020
201228015107001
2012e8017261022
201228001707003
201228007631048
2012e8006361033
201128016215017
201228013229058
201228001707008
2012e8005761021
201228017729018
201228018629008
2012e8009327006
2012e8016061044
201228002421009
201249010411048
201228003908025
2012e8010661035
201228018743001
201228006812059
2012e8008629032
201228017114024
201228016029024
201228001207004
201248540707104
201228012815031
201128012503002
201228002409004
201228000907021
201248600108073
201228012503008
201228013524019
2012e8003061084
201228006912004
201228000807054
2012e8012761048
2012e8012761043
201228003208071
201228001728029
201228008744032
201228010210025
201228010415015
201228007610026
201218015120002
201228003208042
201228004237029
201228003833104
2012e8001061073
2012e8010261053
2012e8015061086
201228003208035
201128008314017
201228013229062
201228001007009
201228013626083
201228012815011
201228013229126
201228003833091
201228003208068
201228013229049
201228015926005
201228004333040
201228005732015
201228003007001
201228006969039
2012e8013361043
201218002509005
2012e8007361082
201228001007004
201228013920125
201228017307006
201228006514040
201228010515013
201128010642035
201228000936064
201228007611037
201228005314006
201218006010053
201228010415012
2012e8002461020
2012e8018661080
201228012215010
201228014628053
201128007610005
201228003208049
201228006215031
201228006210002
201228007513022
201228005811010
201228013607006
201228017110004
201228013626086
201228008208008
201228004133015
201228005811008
201228007010031
2012e8004561059
201228004508022
201228006210005
201228008515013
2012e8006561053
201228017308027
201228010615009
201228013622025
201128007610018
201228006015068
201228017308022
2012e8015961044
201218014825008
201228010315047
201228017515010
201228007326038
201228006841087
2012e8017561017
201228007514049
201228000206059
201228008817021
201228000206003
201228012815018
201128005710003
201228018629006
2012e8009029037
2012e8000561023
201228006912036
201228010515010
201228007313028
201228000907034
201228006812010
201228006912005
201228011315025
201228000807030
201218011315002
201228014628001
201228012115007
201228008849010
2012e8007361073
201228007610025
2012e8002861035
201228015926025
201228013727070
201228013727083
201228013229027
2012e8001061058
201228003908001
201228008743010
201228000206039
201228016715014
201228008006018
201228002718007
201228012503025
201228008904018
201128012938006
201248710207020
2012e8000961077
201228008515024
201228012715007
201228004614015
201228012503006
201228010515077
201228007010023
201228017307009
201228007513037
201228007313005
201228002509013
201228017422023
201228007513008
201228000936071
201228010315009
201228015926027
201228013229105
201248540408124
201228018215003
201228010315002
201228004522048
201228010315025
201228010515032
2012e8004161063
201228006514011
2012e8011061029
201228015029009
201228013607009
2012e8001061078
201228005811014
201228008846030
201228011042055
201228007010012
201228018629057
201228006010044
201228015926003
201218007514053
201228008743015
201228007513016
201218012115080
201228015121026
201228004333038
201228008627001
201228007611038
2012e8004261083
201228016029007
201228016609010
201218000718035
2012e8001761044
201228016029009
201228017235012
201228004237040
201228013726008
2012e8017361056
2012e8013261183
201228010715039
201228004215011
201228007610017
201228016215006
201228016402016
201228002427014
201228012815032
201228010615013
201228016029022
201228000807035
201228000807088
201228005732019
201228008629018
201228003608011
201228002509018
201228003208038
201228000243081
201228002822017
201228000206017
201218015029014
201228015547030
201228014628041
2012e8003861114
201228007329045
201228010315054
201228007631056
2012e8006961051
201228014628019
2012e8004161043
201228017220005
201228016512007
2012e8018427016
2012e8006361021
201228001707014
201228004508019
201228004508012
201228012250023
201228000907031
201228006110001
201228002917004
201228003024056
201228016029006
201228013229026
201228004608005
201228017826014
201228007010022
201228007513004
201218000206056
201228011215006
201228006812009
201218000807111
201228007010021
201228010515038
201228016402001
2012e8003261115
201228013229069
201228010315032
201228000907033
201218006514037
201228012115022
2012e8000861117
201128016239023
201228003333018
201228016514012
201228006210004
201228003908003
201228003208056
201228008904016
201228013229100
201228006010025
201228008744033
201228008744036
2012e8011361059
201228015029018
201228003022039
201218011315052
2012e8008222020
2012e8004261076
201228003608013
201228013229085
201241047507100
201228010210012
201228001909002
201228010210021
201228017769023
201228003008015
201228003024052
2012e8009029057
201228000807080
201228013622015
201228008118022
201228001027021
2012e8004161064
201228007631053
201228015029056
201228015029048
2012e8000861104
201228007610023
201228003308012
201228004614011
201248622108034
2012e8009029063
2012e8002461022
2012e8009161017
201228016715024
201228011015004
201228005713009
201228008904020
2012e8001761049
201218003208055
2012e8013561037
2012e8006961049
201228008846039
201218011315041
201228006912037
201228007010013
201228018629002
201228008629016
2012e8008136026
201228011215030
201228013727074
201228013626053
201228012815009
201228002718003
201228013229089
201228006110002
201248580107052
2012e8006361022
2012e8010761050
201228000531003
2012e8003861113
201228010215034
201228012815010
201228011215020
201228000718020
201228018069007
201228000718060
201228001027024
201228004237023
201128004308003
201218006010066
201218003208145
201228006912016
201228012503034
2012e8013361040
201228006912018
201228007313013
201228013229052
201228000907036
201228005710003
201228010210013
2012e8013661101
201249010411046
201228012503039
2012e8003061070
201228011215057
201228004237039
2012e8003861112
201228007313021
201228003633023
201228016029020
201228014628066
201228015547025
201228002509009
201228015029023
201228004614014
201228008801002
201241065708013
201228010315049
201228006969040
201228013626062
2012e8009029043
201128016239024
201228005811015
201228005732011
201228003024054
201228011315037
201228005314010
201228014825005
201228013229010
201228001707002
201228017933011
201228006812061
201228004237028
201228010615006
201228007610010
201228004508008
201228005811020
201228000807025
201128010615008
201228017729016
201228005417016
201228000907045
201228000807089
201228010615016
201228012815020
201228007329054
2012e8009029052
201228015926010
201228007514046
201228006010043
201228006015066
201228011215024
201228007313008
2012e8003961047
2012e8013261160
201228011215043
201228000907025
201218013229033
201218003022043
201228002421010
201228011215016
201228000807070
201228002826024
2012e8009327019
201228015814003
201228013229086
201228013726029
201218017308032
201228003833102
201228015029049
2012e8014661092
201228001736035
201228006812042
2012e8016261018
201228014628018
2012e8000861119
2012e8000861114
201228013727062
201228011042047
201228007669047
201228006812053
2012e8011361052
201228011015022
2012e8004661023
201228004308002
2012e8013261181
201228008107003
201228006912011
201248530508032
201228018137017
201228007326042
201228001707019
201228018069019
201228007514050
201228001207017
201249010411050
201228016715002
201228005811022
201228000718024
201228008006023
201228016715009
2012e8003861115
201228017308025
2012e8008561039
2012e8004161057
201228003608019
2012e8011063044
201228006812003
201228013626087
201248540707097
201228015926028
201228012815026
201228013626057
201228010715014
201228010315040
2012e8014661093
201228006010030
2012e8006861080
2012e8006062089
201228000907002
2012e8018061013
201228001707005
201228003208004
201228002822013
201228000907028
201228005414006
201228000718043
201228006912034
201228013229071
201228005811021
201228006812023
201248540307097
2012e8018261013
2012e8001761054
201228017307011
2012e8003261107
201228015926037
201228004237053
201228010210022
201228000807037
2012e8017261017
2012e8007361070
201228017315043
2012e8006861076
201228001207019
2012e8017961016
2012e8003061075
2012e8006361020
201228016514027
201228003208083
201248580108050
201228010240061
201228010210017
201228010315048
201228010315045
201228008107017
201228000907005
201228013626055
201228010515030
201128010815010
201228015127034
201228014628028
201228000807020
2012e8017461028
2012e8013761095
2012e8014861048
201228002917008
2012e8013661108
201248260508093
201228001707004
2012e8009029017
201228012503045
201228012503017
201228010315001
201228007611039
2012e8008332022
201228004614013
201228018537011
2012e8008222023
201228013622011
201228014825014
201228008208004
201228013726005
201228009207001
201228015029004
201228011315039
201228014825027
201228008208012
201228000807086
201228011215056
201228008515001
201228011015015
201228013727068
201228001027056
201228002826023
2012e8004161048
201228013626091
201228006912027
2012e8015061085
201228014628015
201228012940022
201228003208046
2012e8006161027
201228013229063
201228000718038
201228017408002
201228000907006
2012e8016061035
201228010715041
201228008438017
201228018069018
201228014628062
201228000718047
2012e8013361042
2012e8010261060
201228000718040
201228003208050
201228007010007
201228015615009
2012e8007061038
2012e8013561042
201228016443014
2012e8004561068
201228002808004
201228013229016
201228010515056
2012e8010261052
201228012715003
201228017308038
201228013524008
201228013626065
201228017308029
201228013229108
201228010515027
201228002808001
201228013626078
201228004608009
2012e8004161045
2012e8005761026
201228013727050
201228016239019
201228005414007
201228014628067
201228016029026
201228007010033
2012e8014861046
201228011215074
201228015869010
201228003008020
201228005811026
201228006010031
201228008208005
201128008314020
201228003208062
201228006015069
201228006310004
2011e8005761023
201228008743006
201228018629056
201228002718010
201228009207004
201228004208001
201248240508092
201228006837068
201228002822014
201228005314008
201228013229116
2012e8004261074
201228016715004
201228006010034
201228006811002
201228015547005
2012e8016061046
2012e8013661102
201228010515041
201228008904006
201228003208088
201228018629076
201228003833078
2012e8017761036
201228003024049
201228010815009
201218013229034
201218005811075
201228015029067
2012e8017861021
201228012715023
201228010715005
201228006110008
201228015029010
2012e8007061040
201228010315034
2012e8001061060
201228015926029
201228002427015
201228003308003
201228014628032
201228016609005
201248540307104
201228004237057
2012e8007361071
201228005811011
2012e8013561045
201228000807077
2012e8010361058
201228006912015
201228018115007
2012e8016561077
201228010715030
2012e8004161044
201228015029065
201228013229039
2012e8006061082
201228010715013
2012e8001061072
201228007610027
201228006310010
201228006269021
201228010515082
201228017110013
201228015926011
2012e8010561091
2012e8014661091
201228018629033
201228007410006
201228006514037
201228014628020
201228017826010
2012e8017861025
201228002509028
201228010715019
201228012938015
201228008006031
2012e8000861101
201228018137016
201228004608001
2012e8010261054
201228004633019
2012e8009029016
201228007427017
201228000531017
201218000807012
201218010210008
201228003208001
201228010269043
201228003608003
201228000907037
201228009329005
2012e8009029055
201228010515042
201228013524013
201228013626073
201228005811051
2012e8000861115
2012e8013661111
201228006010029
201228012738056
2012e8014661083
201228015121022
201228018408002
201228018115004
2012e8007461025
2012e8008629025
201228003208041
201228000718025
201228004133023
201228003222100
201248540408131
201228000807009
201228008222022
201228002427016
201228000807084
2012e8007461026
201228000807081
2012e8008332019
201228010715040
201228006015063
2012e8011361046
201228004508036
2012e8011361057
201228015029006
201228003208022
201228006837066
2012e8010361057
201228014628011
2012e8016761038
201228008904005
2012e8018261006
201228015547007
201228003208090
2012e8002861039
2012e8000961089
201228010515001
201228013727060
201228010515020
201228018629058
201228011315043
201228010315024
201228003908021
2012e8008627019
201228017515009
2012e8013261170
201228013229007
2012e8003361016
201228015329017
201228014825031
201228010315052
201218000718023
201228005811034
201228010815016
2012e8006961045
201228003022035
201228000807061
201228003833092
201228001027030
201128007610035
201228010315041
201228000206025
201228017729017
201228006069078
201228011215025
201228006011057
201228013727052
201228000206019
201228015029058
2012e8013661096
201248260508091
201228006269022
201228006015064
201228014629079
201248600108076
201228013229012
201228006015072
201228017220004
201228017826013
201228011042044
201228002509020
201228007611042
201228009329010
201228008846035
2012e8004161046
201228003208036
201218000807088
201228011215069
2012e8010061272
201228013229078
201228004608002
201248240508091
201228014628010
201228006010051
201228014629078
201228001736030
2012e8018261007
201228008629037
201228010210015
201228014825036
201228013229035
201228007514062
201228018069025
201228010642043
201228008006009
201228007631052
201228000206022
201228017322050
2012e8009029056
201228013727049
201228017322052
2012e8003261106
2012e8007061043
201228005811018
2012e8013561035
2012e8008561035
201228016715001
201228014825009
201228013726033
201128008846027
201228004333041
201228009207003
201228018629046
201228011042052
201228016029017
2012e8006961044
2012e8004561067
201228015029044
201228011315015
2012e8018528003
201228004333037
201228008817025
2012e8017761035
201228005811033
201228012503021
201228007410008
201218003222189
201228013229102
201228016715043
201228002607002
201228014628065
2012e8013261150
2012e8014661088
2012e8010661024
201228016443006
201228012815007
201218014628011
201228012115020
201228015615007
201228013626039
201228016514043
201228015814009
201228010269045
201228006812021
201228007514048
201228009329009
201248580108046
201228006912022
201228014628016
201228007313020
2012e8018161032
201218007010029
201228000807076
201228010515061
201228010210011
201228015926018
201128010642038
2012e8018661040
2012e8013561047
201228006912035
201228001027022
201228013727053
2012e8017461034
201228014628037
2012e8010761051
201218006010064
201228013229067
201228018629005
201228004508031
201228015547002
201228008208013
201228012215004
2012e8010261057
201228004508023
201228015029045
2012e8017261020
201228015926002
201218006912022
201228006912030
2012e8018661038
2012e8000961087
201228006010022
201228010415004
201228006812045
201228006514028
201228004133065
201228006215015
201228017307002
201228013726041
201218003208083
201228006331016
201228010415005
201228004133013
201228008846028
2012e8000961079
201228013524025
2012e8004161055
201228007534079
201228014628050
2012e8004161052
201228007514060
201218007514047
201228015814007
201228004237045
201228018069011
201228012115024
201228003208089
201228014825028
201228008208017
201228010515006
201228014825035
201228008904002
2012e8018528009
201228007326036
201228001007005
2012e8004561061
201228014628056
201228003308007
201228001207002
201248600108075
201228013726017
201218006912027
201228018629071
201228001027020
201228016443013
201228016609002
201228000206018
201228001027034
201228002808002
201228018629043
2012e8009029048
201228006812055
201228013626089
201228017307014
201218013607014
2012e8003961044
201228006912001
2012e8002661012
201228008006024
201228013726001
201128007610014
201228002006004
201228008313011
201228005811012
201248660108064
2012e8010761056
201218013626054
201228010715006
201228015869013
201228002718009
201228012503005
201228008334018
201228001207018
2012e8015161070
201228004215012
201228018012016
201228007631051
201228003008019
201228014628026
201218003833086
201228006912025
2012e8004661025
201228011042054
201228000206034
2012e8017961026
201228013726035
2012e8008561026
201218007610002
201228005732018
201228010515088
201228003308010
201228015029035
201228012503010
201228007513039
201228013524005
201228000807021
201228016715021
201218007514056
2012e8001061068
2012e8006861073
201228008515017
201228013524006
201228007513010
201228006514012
201228007410003
201228014629081
201228008006011
201228000807034
201228016715036
201228008515014
201228002509022
201228007631050
201228007513019
201228002627011
201228005710005
201228004508034
201228015547024
2012e8000761073
2012e8000761074
201228013626076
2012e8006261024
201228000206006
201228011042053
201228013726016
201228015926024
2012e8018161030
201228000206049
201228012715030
201228010315043
201228015547032
201228007335063
201228015814001
201228000206037
201228010515034
201228013626042
201228005811029
2012e8002761012
201228010210003
201228007513024
201228016514037
2012e8013761100
201228004215005
201228006912013
2012e8008222026
2012e8006961043
201228000907004
201228013229025
201228005811056
201228002822015
201228008805019
2012e8004561066
2012e8008561034
201228017315044
201228013727080
201228007313011
201228010515083
201228011215048
201218000807125
2012e8001061076
201228016514026
201248600108079
201228017808003
201228013626081
201228015329003
201228000718066
201228017808005
201228012815002
201228006812008
201228014628047
201228008515010
201228006010055
201228010315035
201228017826009
201228008107005
201228014628038
2012e8000561034
2012e8010761054
201228001736032
201228003308014
201228013524023
2012e8018415012
201228012250022
201228015547029
201228013229184
201228015329018
2012e8014661099
2012e8013261182
201228002006006
2012e8013261153
2012e8009327018
2012e8000961083
2012e8006561047
2012e8016561072
201228013626036
201228004133025
201228006812012
2012e8003061077
201228013626070
201228000907042
201228018115003
201228003833076
201228012715031
201228004508027
201228011042051
201228018012002
201228003208059
201228007513005
201228004237017
201228004133017
201228008311002
201228013229145
2012e8015661010
2012e8008561029
201228016514039
201228001707007
201228013727076
201228002509026
201228000718062
201228017110014
201228015926031
201228001007013
2012e8007361067
2012e8015961049
201228007335064
2012e8004161058
201228008208018
201228000718035
201228003908004
2012e8009161011
2012e8009029030
201228000807060
201248260508099
201228006069073
201228006310032
2012e8015661011
201228017220002
201228000907039
201228005811043
201228008437013
201228003833094
201228000807073
201228000718028
201228010315030
201228008006006
201228005417014
201241065708015
