2012e8013261179
201248600108082
201228003308005
2012e8014661085
201228015029016
201228008437010
201228006069074
201228010715004
201228015329002
201228017308024
2012e8017561015
201228012115019
201248540407135
201228000907014
201228006137015
201228011215041
201228015814004
201228007514054
2012e8004261069
201228005710004
201228018215002
201228010315005
201228004133030
201228013537033
201228012940029
201228007313015
201228007514063
201228010415030
201228014629077
201228011315030
201248260508096
201228006514039
201228005811036
201228012940016
201228018629073
201218004122012
201228016443010
2012e8007461032
201218004133030
201228011215047
2012e8016761037
201228006514032
201228004237033
2012e8009029045
201228017728010
2012e8018433013
201228006045094
201228002826018
201228004237020
201218001027047
201228008629017
201228006338028
201228010210016
201228010515071
201228013229127
201228014628017
201228010515012
201228004237031
201228000907038
201228013626048
201228008629011
2012e8001061062
201228007534080
2012e8012761053
201218012115060
201228001027044
201228000907049
201228006010039
201218014628024
201228006215017
201228015547016
201228006812035
201228007513023
201228010315019
201228015329016
201228000243084
201228006912019
201228013622012
201228006812007
201228010715009
2012e8003261110
201228004237022
201228017422011
201228000936062
201228018629030
201228014628063
201228010515015
201228018629053
201228016029027
201218000718024
2012e8010561095
201228016715017
201228015547012
2012e8003861110
201228013229134
201228008006021
201228000718005
201228012738058
201228004515038
201218007514048
