201218000807116
201228000807071
201228018629066
201228000206020
201228006812031
2012e8018161027
201228008904010
201228010515037
201228002509027
201218012115059
201228003208019
201228017727008
201228010515063
201228004508015
201218000718033
2012e8002461025
201228010515002
2012e8018433010
201228008801005
201228006912024
201228013229147
201228007010005
201228003922036
201228000936072
2012e8011261082
201228012715018
2012e8010561093
2012e8018415011
201218006812047
201228004608007
201228008817024
201228007010006
201228007329051
201228000807051
201228015329007
201228017515002
2012e8010861017
201228007326041
201228006514025
201228000206015
201228013524002
201228000718056
201228002427011
201228006010002
201228015547015
2012e8018415015
201228010415037
2012e8007361081
201228000206013
2012e8013761099
201228000936070
201228015615006
201228000206045
201228015029031
201228013727082
201228000531009
201228008743007
201228012740061
2012e8006861082
201228010269046
201228001715024
201228013229041
201228012215017
201228006812043
201228016514018
2012e8004261064
2012e8017461032
201228007410005
201228012715019
201228018629070
201228000907047
2012e8008561033
201228010615014
2012e8009222011
201228008743016
201228008515006
201228003024053
201218014825024
201228013726106
201228010515072
201218000718030
201228007610011
201228000206069
201228003833075
2012e8002461026
201248600108072
201228018629031
201228007335065
201228008437012
201228000206061
2012e8011361063
201228000807002
2012e8006161023
2012e8001061070
201228006912014
201228000718008
201228015029024
201228006912017
201228007610002
201228011015003
