201228013726037
201228003208039
2012e8008437021
201228008744041
201228012138036
201228006137020
201228013229024
2012e8014861042
201228008006002
201228016715030
201228003833100
201228006010007
201228003208021
201218001707007
201228003837106
201228018629001
201228012215005
201228010515016
201228017110010
201228016715016
201228002718006
2012e8001061061
201228011015017
201228004237026
201228012250028
201228001027048
201228004308010
201248540407122
201248540307109
201228010515084
201228001027053
201228008515007
2012e8011361047
201218003024058
201218000206061
201228004237030
201228005811028
201228001027029
201218014628012
201228004237035
2012e8010761057
201228006310005
2012e8000761071
201228003608015
2012e8012861035
201228017307010
201228001027035
201228017933008
201228006069079
201228011215015
201228013229001
201228006837067
201228004522044
201228008904007
201228003833077
201228011215013
2012e8011061036
201228004133008
201228015926032
2012e8012861036
201248540408133
201228011315016
2012e8004361054
201248240508090
2012e8011361055
201228011015013
201228005811004
2012e8000861109
201228011215065
201228004237042
201228005811041
2012e8009327011
201228016443011
201228000206005
2012e8014661100
201228000936059
201248540307110
201228017422017
201228005710008
201228014825022
201218011042038
201228013626071
201228014628034
201218003008014
2012e8007361069
201228011215067
201228000936061
201228006069077
201228010615017
201228004133061
2012e8006861079
2012e8007361072
201228012115018
201228002509011
201228002509019
2012e8013661107
201228007514059
2012e8002861034
201228004308015
201228011015021
