201249010411047
201228013726004
201228000718051
2012e8008222019
201228018427003
201128003908012
201228004133010
201228013229084
2012e8013861106
201228018629064
201228000718014
201228002607001
201228013229129
201228012115025
201228013229064
2012e8018661081
201228013726038
201228008629010
2012e8016061043
2012e8014861051
201248540707103
201228006010056
2012e8017961020
201228017727007
201228008805016
201218006514023
201228010240062
201228014825020
2012e8007461027
201228010642053
2012e8018661037
201228008107001
201228003833101
201228013524022
201228013229096
201228004237037
201228017322046
201228010515067
201228004522054
201228017542023
2012e8009029028
201248660108058
201228003608017
201228012815016
201228004237047
201228000807038
201228012715011
201228000206067
201228012815027
201228008107002
2012e8013761092
2012e8003361017
201228008006034
201228012715033
201228006812044
201228007514067
201218000531032
201228012503013
201228008437011
201228013229059
201228011015020
2012e8009161014
201228012503033
201241047512093
201228008410002
201128005732013
201228006912033
2012e8004161050
201228014629071
201228007329057
201228013229120
201228006812033
201228012503047
2012e8001061063
201228007410007
201228012715004
201228011315020
2012e8002661008
2012e8018161026
2012e8011061033
2012e8016761042
2012e8009029034
201228014825002
201228014628042
201248240507088
2012e8009327016
201228000807079
201228018629055
201228015926056
2012e8013261169
201228004308012
201228000718006
2012e8009327013
2012e8004661024
201228000807055
201218003008024
201228017220006
201228004308001
201228003024046
201228010315014
