201228007513038
201228002421007
201228008629014
2012e8014661097
201228013727064
201228017826018
201228013524001
201228011215073
201228008627005
2012e8009029025
201228013726036
201228015329012
201228013626050
201228000718022
201228000244087
201228000216075
201228005811044
201228012715021
201228017515007
201228000807033
201228016510004
201228004308009
2011e8012961026
2012e8008629030
201228008743024
201228016029023
201228018629004
2012e8004161047
201228006812049
201228007313003
201228004237027
201228013229146
201228017422013
201228004508007
201228010715023
201228004208003
201228012503032
201228015029029
201228001007002
201228012215021
201228001007014
201228004133038
201228012250029
201228010415014
201228006514005
201228006812020
201228000206054
201248540307099
201228000936057
201218014825026
201228006812037
201228000807027
201228010642040
2012e8006561052
201228008208001
201241047507088
201228003222094
201228007514066
201228002607003
201228015029020
2012e8006861083
201228013626041
201228013524029
2012e8003261103
201228013524031
201228004333024
201228000907046
2012e8008561030
201228012715022
201228014628006
201228013229087
2012e8017261021
201228014628002
201228003908029
201228017515012
201228008410001
2012e8004561064
201228003022040
201228017110006
201228000206048
201228015029013
201228013524004
201228010515073
201228012250026
201248260508097
201228010815014
201248540707093
201228011215014
201218004508016
2012e8017461033
201228010740065
201228006514014
2012e8005861053
201228007610028
201228011215070
201228014628059
201228017322045
201228006110007
2012e8012560027
201228008743026
