201228004608004
2012e8004361045
201228011042048
201218014825012
201228013726040
201228016715003
201228017826012
201228004215008
201228017826020
201228000206056
201228003008012
201228005710006
201228007534075
201228008313009
201228016715033
2012e8010761055
201228010715011
201228006310008
2012e8004361044
2012e8006961053
201228000206010
201228000206024
2012e8002461024
201228000243085
2012e8017761031
201228000718007
201228000206052
201228004237050
201228010615018
201228013229034
201218000807050
201228004508017
201228006812058
2012e8013261162
201228000206063
201228000908050
201228000807023
201228014825010
201248260508092
201218015926039
201228008846041
201228010315068
2012e8015061083
201228003208066
201228002829026
201228017422020
201228013524024
201228010642038
201228010740066
201228013626029
201228003208012
201218013229085
201228001007012
2012e8015661013
201228015029050
201228008743001
201228004215014
201248260508087
201228013229125
201248300108025
201228000206051
201228016029008
201228000807004
201248260508089
201228017110007
201228003208010
201228010215039
2012e8006961048
201228006912032
201228000907029
2012e8001761045
201228015926012
201228014628039
201128010615018
201228013229093
201228006010027
201228011315021
201228004133037
201228015615003
201228010715026
201228010715038
2012e8010561094
201228008743008
201228007513025
201228008817026
201228003908024
201228001207007
201228017307017
201228013524017
2012e8018261010
201228002006003
201228016514028
201228006812041
201228013626080
2012e8010261071
2012e8011261091
201228015329009
201248240508085
201228011215004
201228012815005
