201228010215033
201228001207005
201228003208080
201228013229123
201228011315022
201228007313018
2012e8016061045
201228004133022
201228003222099
201228015926034
201228010515059
201228011315013
201228005414010
201228015127036
201218000807066
2012e8015961050
2012e8007661061
201228006010020
2012e8010861021
201228017307005
201228018629017
201228001027041
201228006912021
201228008311004
201228006137016
201218006010089
2012e8004261082
2012e8004261073
2012e8013661105
201228008107008
201228013726024
201228017220007
2012e8014861040
201228003922037
2012e8006961046
2012e8011261085
201128017110008
201228004215010
201228000718037
2012e8008462024
201228016443005
201228008311001
201228013626082
201228000206023
201228006912026
201228002409002
201228014628033
201228008629012
2012e8000961084
201248530107066
201228002829027
201228003208040
201228018629014
201228012503035
201228000718057
201228016029002
201228000718027
201228011215033
201228018115010
201228003608007
201228004333027
201228008904003
201228015329014
201228006912003
201228012915003
201228006514042
201228018629025
201218000807078
201228005732016
201218017308021
201228002509033
201228011215093
201228004308007
2012e8004561057
201228014628055
201248660108065
201228007326030
201228002917002
201228007010026
201228013229135
2012e8010261051
201228017419008
201228005811025
201228010715020
201228013229065
201228004133029
201228017227009
201228008744031
2012e8003961039
2012e8004261071
2012e8013261165
201228017308033
2012e8006361031
201228008006022
2012e8013761093
201228004237088
201228012715025
201228017729021
2012e8003861117
201228013727056
