201228011315014
2012e8003961043
201228004508020
201228006514019
201228011215092
201228000807042
2012e8012761051
2012e8006161025
201228018629016
201228003008023
201248710207021
201228003608004
201228010515031
2012e8007461031
201218000807096
201228017110026
201228000718050
201228011315008
201228011215072
201228011315034
201228006015067
201228015029012
201228003833090
201228013229110
201228004322022
201228008107014
201218003008034
201228012815003
201228000807039
2012e8018433008
201228014825006
201228008415009
201228015029079
201228015926013
201228013229043
201228016514047
201228005811046
201228010615023
201228006514018
201228016715015
201228011015019
201228000907003
201228011015002
201248540707095
201228010515049
201248300108020
201228016609007
2012e8006561050
2012e8015061082
201228007514043
2012e8003861111
201228008107018
201228000206065
201228000206055
201228013524015
201228001027050
201228012715029
201228012115023
201228009222007
201228000807012
201228007514042
201228004507004
201228007631049
201228010615019
201228010715031
201228015029036
201228013727077
201228003208051
201228008743014
2012e8018528001
201218003008032
201228002917007
201228003208064
201228013626075
201228013229132
2012e8013561038
201218001007028
201228012915002
201228003008014
201228004522050
2012e8015961043
201228006015061
201228001736036
201228018629048
201228017922004
201228010315012
2012e8013761086
201228014628025
201228016029031
2012e8000861106
201228012503024
201218000206084
2012e8004661022
201228006514004
201218013524021
2012e8008561032
201228016514036
2012e8018061015
201228014628035
201228010515043
