201228017933027
201228004633018
2012e8015061087
201228008743029
201228010515064
201228013229114
201228014825032
201228013626092
2012e8012161032
2012e8013761105
201228011215045
201228008801001
201248240507086
201228008006025
201218015029027
2012e8004161051
201218014825005
201128010615009
201228006912031
201228017307007
201218012115051
2012e8007361076
201228011315029
201228002509010
2012e8014861052
201228017922006
201228013626052
201228018629068
201228013229044
201228013229014
201228000807040
2012e8001061074
201228006812029
201228006514035
201228012815006
2012e8011061040
2012e8002461021
201228012938013
201228000206066
2012e8002861038
201228007010014
201228000718012
201228015547027
201228008208007
201218012115046
201228011215027
201228006310007
201228011015023
201228007313027
201218000718021
2012e8010761053
201228010315010
201228006514001
201228003222095
2012e8004261072
201248540707096
201248540407123
201218017308035
201228006912029
201228004522055
201228007329058
2012e8009029026
201228004215013
2012e8003861107
201228015128042
201228010815002
201228016715006
201218006010010
201228013626038
2012e8009327015
2012e8009327001
201228004237032
201228004237056
201228010642048
201228011015012
201228008313006
201228018012003
201228013229090
201228014628008
201228013626090
201228013524021
201228013229028
201228000718033
201241047507098
201228012115011
201228015329010
201228008410006
2012e8002861029
201228016029025
201228012503019
201248540307103
201228010515054
2012e8014661096
201228007010032
201228000722067
201228012503036
2012e8011061034
201228014825011
201228013229045
201228006010038
