201228017322048
201228001715023
2012e8014661095
201228004614016
2012e8004161054
201218003833132
201218001707001
201228007514071
201228003833097
2012e8002861041
201248530107065
2012e8016761041
201228013524018
201228004333032
201228007514051
201228010515045
201228011215028
201228003208065
2012e8013761088
201228016512006
201228010315044
201228015814008
201228005414001
201218004133015
201228010515017
201228015926020
201228011315024
2012e8017761038
201228007611035
201228016215009
201228008107009
2012e8008561040
201228007513028
201228010715015
201228006338029
2012e8003961040
201228011315035
201228001007010
201228010815015
201228000718063
2012e8002461023
201228013524014
201228008744035
201228002917006
201228013229030
201228018115026
201228013626034
201228007410016
201228004322017
201228011215012
201218014825023
2012e8003061069
2012e8013761090
201228008849012
201218003833101
201228018629019
2012e8016061039
201228017933028
2012e8010261059
2012e8006261030
201228007326037
201228007611034
2012e8004561056
201228003208058
201228017515004
2012e8010361066
201228001715025
201228004137040
2012e8013561039
201228014825004
2012e8008561036
201228000807015
201228007513029
2012e8013561034
201228013229103
2012e8001061059
2012e8003061080
201228017826019
201228011215018
201228003208093
201228016715012
201228014628003
201228007410015
201228010215038
201228000206033
201228001007007
201228015029002
2012e8011063043
201228008743013
201228013229106
201228006812025
201228013607003
201228006514036
201228007329046
201228018233004
201228000718002
201228010315026
201228017220003
201248540707100
201228000907044
