201228007513006
201228012715008
2012e8008627020
201228012215002
201228008515018
2012e8002461018
201228013622026
201228018115006
201228006010014
201228003833103
201228005811035
201228015029022
201218001736035
201228010315020
201228014825003
201228000807075
201228005811016
201228002808005
201228002509005
201228011042050
201228000718036
201228001207006
201228010715017
201228008006026
201218003208166
201128005710002
201228012940024
201228000718054
201228008311003
201228000206016
201228000718046
201228006010001
201228008107019
2012e8017261014
2012e8010561097
201228000807068
201228001707010
201228003833093
201228018427004
201228012715014
201228003208075
201228010515023
201228006010036
201228013727075
201228007326039
201228011215044
201228006215010
201228000807031
201228006514006
2012e8009029021
201228013726021
201228005811007
201228006514041
2012e8004261063
201228000807026
201228017419010
201228007514058
201228008006029
201228015926036
201228017826017
201228011215031
201228010515062
201228005811013
201228003208030
201228013626059
201228007410001
201228004522053
201228017113019
201228018629047
201218012115034
201228015029074
2012e8017961021
201228018137018
201228015029042
201248260508086
2012e8000861097
201218003208108
201228004237060
201228006010037
201228003024044
201228013524009
201228003308013
2012e8018061024
201228017111015
201228013622028
2012e8015961052
201228001027040
2012e8009029019
201228015547022
201228003222101
201218003022038
201228012115008
201228010210001
201228013524012
2012e8006861089
201228004508009
201228003208027
201228015814005
2012e8008627022
201228000718061
