201228008006015
201228015926026
201218013726036
2012e8007461037
201218007534095
2012e8017861028
201228008744029
201228003633021
2012e8012961028
201228003208074
201228007326032
201228000718064
201218007514045
201228015869012
2012e8014661084
201228000807045
201228004508033
201228016715025
201248600108081
2012e8013261149
201228017110002
201228011215071
201228005811040
201228012815001
201248660108063
201228004608006
201228006010018
201228005414008
2012e8014861049
201228014628061
2012e8018427005
201228002627007
201228010642055
201228005811037
201228007313006
201218000206047
201228001027031
201228000206009
201228004507005
201228013727057
201228004508030
201228007615044
201228013607005
2012e8017961014
2012e8003261109
201228017308039
201228013229021
201228000718049
2012e8007461034
2012e8012761054
201228003933038
201228006514009
201228001027017
201228000807029
201228007010001
2012e8006561045
201228016514016
201248300108021
201228001736041
201228002509017
201228000907012
201228010315031
2012e8000861096
2012e8011361049
201228012715028
201228003222102
2012e8013761103
201228003208078
201228004122005
201228016715023
201228006045093
201228015547020
201228003908013
201228012715036
2012e8005761023
201218001707016
201228000229078
201241065708017
201228003308001
201228003208018
201228003633020
2012e8010561092
201228013229022
201228017110008
201228011215049
201228003024047
2012e8000761075
2012e8003961045
201228004133035
201228004133012
201228014628013
201228011042056
2012e8010663036
2012e8006961047
2011e8010661051
201228003007006
201228007313025
201228017727005
2012e8007061037
201228004122003
