201228013726030
201228007610019
201228004333026
2012e8010261069
201228013229077
201228014628012
201228013622022
201228011015009
201228000518001
201228008006007
201228015029028
201228000206044
201228010315051
201218001707012
2012e8018528010
201228007610024
201228010515021
2012e8013761096
201228017422018
201228012115016
201228014628014
201228017308030
201218001027053
201228003008013
201228004515039
201228015926030
2012e8004361052
201228016029011
201228004237061
201228007410002
201228013607002
201228006010041
2012e8018661041
201128010515016
2012e8004361051
201228000936069
201228007513027
201228017315040
201228008208002
201228017322051
201228015615008
2012e8006861081
2012e8018661060
201228000807017
201228015329004
2012e8018161034
201228003633024
201228007611036
201228010315056
201228013622024
201228002421005
201228005811006
201228003908010
201228016029014
201228006015059
201228002718001
201228005811017
201228007534078
201228012715015
201228004308013
2012e8009029042
2012e8009029050
2012e8006361026
201228006215014
201228013626084
201228004508021
201249010411049
201228002509001
201228007610018
2012e8000761076
2012e8006861084
2012e8014861044
201241047508085
201228010515075
201228008515002
2012e8008136027
201228012715034
201228012215019
201228013229051
201228004308008
201228000229076
2012e8015161065
201228001007008
201228010515008
201228006010049
201228003208020
201218001027037
201218013229056
201228001027025
201248540407136
201228001207011
201228004522043
201228007010034
201228013524027
201218014628032
201228001707009
2012e8011061038
201228015029032
201228018069012
201228010515081
