2012e8010861020
2012e8010261068
2012e8010261050
201241047507099
2012e8007661064
2012e8013261174
2012e8008629036
201228008515025
201228010815011
201228002822009
201228008743005
201228017419009
201228000206001
201228013626063
2012e8009161016
201228007534081
201228009329004
2012e8004361047
201228015029061
201228011315026
201228003208033
2012e8002861032
201228007611032
201228000718003
201228005811005
2012e8018261011
201228013229040
201248260508094
2012e8017561020
2012e8012761050
201228008515003
201228007010010
201228000807095
2012e8013761101
201218000807016
201228013622014
201228017110003
201228006215013
201128010515010
201228011215021
201228013229066
201228016512008
2012e8004261079
201228008107011
201228015029037
2012e8018261014
201228000807043
201228010515055
2012e8006961058
201218000718032
201228011215019
201228003908017
201228008628009
201228014629070
2012e8017861022
201228000807063
201228015120019
201218013607016
201228017515008
201228003008029
201218007514065
201228013727078
201228010515085
201228015329021
201228006514008
201228006812034
201228018629020
201228003208008
201228013229101
2012e8010861027
201228016029003
2012e8007661063
2012e8015961046
201228008515009
201228017110005
201228000718023
201228004237055
2012e8014661098
201228010269047
201228011215034
201228003308002
201228017769026
201228014825029
2012e8000861121
201248530107062
2012e8017261018
2012e8008233022
201218000206069
201228008515011
201228004215007
201228001027037
201228017708001
201228012115010
201228006110004
201248530107067
201228018629052
201228006514027
201228009329001
201228013727059
201228006837070
