201228003024058
201228010615008
201228007610004
201218013229029
201228014629074
201228013229119
2012e8010861019
201228004215015
201228010715021
201228012503014
2012e8007061049
2012e8007061045
201228018629034
2012e8007361074
2012e8009029058
2012e8012161033
201228010315006
201228000907015
201228013726031
201228017729019
201228006514002
201228006010010
201228007534076
201218015029004
2012e8014861045
201228004133011
201228012115005
201228005811019
201228008904011
2012e8011361054
201228004614017
201228001715026
201228008628008
201228015926004
2012e8000861105
201218001027058
201228006812004
201228000807092
201228001027052
201128007010010
2012e8004361053
201248540408126
2012e8018661035
201228007335062
201228015547023
201228011215060
2012e8009029041
201228010515057
2012e8000861113
2012e8015061081
201228007329047
2012e8015861020
2012e8013261156
201228003208076
201228008627002
201241047507086
2012e8003061079
2012e8015161050
201228002917009
201228000807094
201228005732020
201228017307003
201228016444019
201228003024060
201228018215001
2012e8012161038
2012e8016061034
201228012115021
201228018115005
201228003608008
201228001707016
201228003208011
201228009222009
2012e8013261166
2012e8004661028
201228017110009
201228008627003
201228005414004
2012e8011361048
201228003208024
201228008006003
2012e8013661093
2011e8010663055
201228004237025
201228016029028
201228012915001
201228002409001
201228006011058
201228018629059
2012e8009161010
2012e8018415014
201228013727061
201228013726007
201228007329052
201228000718009
201128016215019
201228006912038
2012e8010061284
2012e8000861108
201228007514064
