201228014825012
201228012503022
201228012115041
201228013626067
2012e8013261173
201228002917005
201228012503009
201228000807078
201228013622021
201228010715002
2012e8018528002
201228002509008
201228002822011
201228001207020
201228006912012
201228017728009
201228006514010
201228004133020
201228010740063
201228007514070
201241047507084
201228010315067
2012e8013261167
201228004133024
201228013626058
2012e8006561055
2012e8000961074
201228007514069
201248580108053
201228008515012
201248540407138
201218010715033
201248540408137
2012e8001061079
201228012940019
201228008208015
2012e8013561046
201228012715035
201228003024057
201228006010005
201228006841086
201228003608018
201228000807069
201228013229074
201228018629067
2012e8010861029
201228000206046
201228013524016
201128013726018
2012e8018061020
201228012940017
201228004522051
201228017933010
201228004133021
201128005732008
201228003208061
201228001707001
201228000907026
201228002509034
201228008743028
201228013229131
201228017727006
201228007610016
201228014628029
201228010515048
201228000936063
201228011015006
2012e8006561046
2012e8012961008
201218012115081
201228017307016
201228003833086
201248540307096
201228016402002
201228010515066
201228003008030
201241065708018
201228007010020
201228004608003
2012e8007361066
201228015029001
2012e8004261067
201218003208027
201228017727004
2012e8014861050
201228003208082
201228001207001
201228012940030
201228004122004
201228018629061
201228006812046
201228010642047
201228003833095
201218003208079
2012e8004261080
201228004308005
2012e8018433009
201228013229013
201228006210007
201218014628017
