201228004322020
2012e8014861047
201228014628021
201228017515006
201228011215010
201228000907048
201228007631055
201228016029021
2012e8002761013
201228013524030
2012e8006961052
201228006514020
2012e8012560029
201228003208069
201228005710002
201228004133019
2012e8008124024
201228000718055
201228005811039
201228018629054
2012e8010361063
201228011015018
201228016715029
201228004522047
201228007513013
201228013229002
201228013727071
2012e8014861041
201228006137022
2012e8010761058
201228015029027
201228006941056
201228002808007
201228006010040
201218013229087
2012e8018661042
201228016715011
201228018069009
201128016215010
2012e8017361057
201228013229038
201228001707011
201228000206030
201228002627006
201228012715009
201228008107015
2012e8013261148
201228008314016
2012e8010361060
201228004308011
201228006010028
201228006811001
201228007513040
201228011315040
2012e8017561019
201228006110013
201228004137039
201228012715038
201228008515022
2012e8015161058
201228013726011
2012e8009222016
201248540307106
201228012815012
201228004333030
201228017408006
201228011015011
201228007010018
201228013229008
201228017114022
201228002826019
201228007010029
2012e8017461025
201228010715003
201228015926038
201228010715025
201228006331013
201218003833087
201228011315007
201248710208023
2012e8013261164
201228007610029
201228013726104
201228010715046
201228006310011
201228006137017
201248622108033
201228004308004
201218004215055
201228014628005
201228000206040
201228000807014
201228015547003
201228010415007
2012e8004161041
201228000718032
201228003024059
201228006812028
201228007513030
201228004237044
