201228000718018
201228003308004
201218004137063
2012e8000961088
201218014628049
201228011315061
201228011315027
201228012215012
201228015029007
201228003833083
201228000206064
201228006514024
2012e8009029060
201228013726006
201218013726035
201228015121024
2012e8008437019
201248240508089
201228010515058
2012e8013261152
201228013626072
2012e8008561028
201228010615010
2012e8009029015
201228003908027
201228015329013
201228007326029
201228001027023
201228010515074
2012e8010861018
201228016444017
201218011315011
201228007329049
2012e8013361048
201228003007005
201228006812063
201228013229122
201218012938016
201228010515009
201228016715035
201228011315060
201228017808004
201228001736034
201248540307105
201228011315045
201228000206053
201218011315046
201228017542026
201228018629072
201218003022042
201228011215053
201228000206027
201228001707018
201228015029051
2012e8003261111
201228006812036
2012e8007661065
201228002509021
2012e8004561058
2012e8016061042
201218003022047
201228017875008
201228012115004
201248540408130
201228013626060
201228003007004
201228010515102
2012e8013561040
201228006010017
201228001027046
201228012215009
201228004333033
201228013229139
201228006812017
201248540408125
201228015127031
201228010715035
201228015329011
201228012715010
201228000907011
201228004237041
2012e8017561018
201218000206012
201228010715033
201228000807024
201218003008026
201228013229037
201248580108048
201228018069017
201228002627004
2012e8011261081
201228006010046
201228002509035
201228013727069
201228007610031
201228001736037
201228010642039
2012e8013261168
2012e8003961046
201228008515023
