201228012715020
201228003024045
201228011215062
2012e8009029024
2012e8001061066
201228003208007
201228000206026
201218012115067
201228008904021
201228003033064
2012e8007361085
201228013726025
201228008208006
201228010210027
201228010215030
201228010642049
201228010515040
201228000907018
201228001027047
201218013607030
201228012115015
201218000718036
2012e8005361012
201228004237058
201228015814006
201228004308006
201228013524049
201241047507092
2012e8000961075
2012e8018528006
201228012815028
2012e8011061032
201228000807053
201228012940020
201128012215025
201228013626033
201228008410004
201248240508094
201228008208010
201218006514022
201228017769024
2012e8013661110
201228004322018
201228013229137
201228014825018
201228006812064
201228006010016
201228000206002
201228013229029
201228017110011
201228004333025
201228000908051
2012e8007361078
201228010210019
201228013229092
201228006514029
201228010315003
201228001027055
201228011215001
201228015615005
201228012215018
201228010210020
201228002822008
201228016514045
2012e8003061067
2012e8000761070
201228016609003
201228004215009
201228011215029
201228006010021
201228007010024
201248240508084
201228012250027
201228008904004
201228015547010
201228015029062
201228008313007
201228010315069
201228014628036
201228015029068
201228016715032
201228015329019
2012e8008233025
2012e8009327014
2012e8005861054
201228008006016
201228006514015
201218003208128
2012e8017261024
201128007610011
201248540408141
201228008006014
2012e8012861037
2012e8010361064
2012e8015161052
201228008904012
201228006841085
2012e8004361049
201228010715037
201228013229072
