201228013626077
201228016715013
201218012115031
201228013229047
201228013229075
201228014628044
201228002427013
201228008744028
201228010515069
201228011215094
201228006912009
201228000206021
201241047507091
2012e8013361041
201228012815004
201228017308026
201228006812030
201228007313001
201228001207009
201228005417013
201228004237043
201228003608006
201228008849011
201228004508024
201228015926019
201228005811049
201228005811027
201248710207022
201228016029029
201228017408007
2012e8010761052
2012e8011361058
2012e8011061035
201228006812015
2012e8003861116
201228010315046
201228014825016
201228010815006
201228018115008
201228010515052
201228015547013
201228008107020
201228004133018
201228011315005
2012e8009222012
201228008314017
201228012215003
201228007513033
2012e8011261080
2012e8002761011
201228000907013
201128005414011
201228013726019
201228013607008
201228018629044
201218007514044
201228006514021
201228017422014
201228010210023
201228006310002
201228006812065
201228000206011
201241042207094
201228003022041
201228002826022
201228002718002
201228018629013
2012e8012861039
201228015029076
201228002427012
2012e8018061023
201228015329005
2012e8009029023
201228007512001
2012e8005361011
201228012503002
201228018137014
201228010210006
201218000206049
2012e8000561030
201228001707006
201228003508001
201228013622018
2012e8002861036
201228008118021
201228003022032
201218003024057
201228013626030
201218000243093
201228012503040
201228007610022
201228017729015
201228014628043
2012e8017461029
201228002509004
201228012115013
2012e8007661058
201228012503043
2012e8008561027
201228003208016
