201228016715026
2012e8017761028
201228006812032
201228015547006
2012e8010761067
2012e8009220010
201228001736038
2012e8003561101
2012e8003861108
201228000807044
201228016715020
201228006210008
2012e8018061026
201228018529012
201248540707102
201228011215066
2012e8010663030
201218011315008
201228010315023
201228006912008
201228006912002
2012e8007461030
201228008107012
2012e8011261087
2012e8004161053
201228011203077
201228015547008
2012e8010561096
201228007513002
2012e8017961024
201228010315053
201228000206031
201228017915001
201228003608014
201228000206062
201228002917010
201228018629050
201228015029015
2012e8010561099
201228013626046
2012e8004261065
201228008006032
201228012503016
201228017922005
2012e8006061083
201228013726010
201228005414003
201228007329059
201228000229077
201248260508085
201218015926027
201228000807085
201228003837105
201228000807049
201228005710001
2012e8004661031
201228006514016
201228006812014
201228004133027
201228012215020
2012e8017261016
201228000807001
201128010615002
201228000907032
201128010615007
201228003908023
201218000807080
201228006269018
2012e8011061037
201228008849008
201228011215005
2012e8002861033
201228013626043
2012e8014661090
201228012171035
201228018115009
201248580107047
201228010715007
201228007329050
201228002808003
201228012940021
201228003208023
201228006331018
201228002509006
201228015029064
201228011215054
201228006514022
201228012738057
2012e8010261058
201228002718005
201228008107006
201228016443004
201228010615032
201228018629051
201228016609008
201228013524003
201228003833096
201228015615004
201228006110003
201228006269020
