201228006010054
201228017110001
201228013229017
201228004508010
201228011215032
2012e8006861075
201228008904013
201228004522042
201228017308020
201228008846042
201228012715026
201228004508026
2012e8011061030
201248300108019
201241047507096
2012e8011361053
201228016443015
201128000807045
201228015926021
201228003333015
201228003208017
201228013727066
201228017307004
201228003908015
201228017542029
201228011215007
201228010615020
201228012815024
2012e8008629031
201228012503041
201228015129047
201228010642050
201228014628058
2012e8009161012
201228007513034
201228016514022
2012e8001761050
201228003633025
2012e8017961018
201228003833080
2012e8017861026
201228010815030
201228001722028
201228000206041
201228003007003
201228000807090
201248540307100
2012e8013261177
201228008006027
201218012115084
201228017235013
201248660108067
201228007514072
201228004333023
2012e8003861109
201228010210004
201228004208002
201228006812019
201228013524032
201228013229094
201228017769025
201228000807010
201228012415031
2012e8017261023
201228011315018
2012e8001061071
201228013229143
2012e8012761055
201228014629069
201228011215039
201228005811045
201228015329015
201228010642051
201228000807048
201228016029019
201228013229006
201228012503007
201228014629072
201228006110009
201228011315042
201228007615046
2012e8011361050
201128012215006
201228003833084
2012e8002461017
201228013229109
201228012738059
201128005732012
201228017308036
201228004122007
201228015029055
201228002509025
201218013626047
201228001707015
201228000206008
201228012815013
201228004237036
201228016715031
201228011215046
201228013229112
