201248622108035
201248540707098
201228008313005
201248530508029
2012e8003261104
201128005732018
201218013626045
201228003208026
2012e8001061057
201228013229055
201228010515014
201228015129046
2012e8003961048
201218013726030
2012e8016061037
201228010315021
2012e8018161025
201228000718021
201228013626061
201228013727043
201228004208085
201228017308031
201228004237038
201228007313017
201228008846038
201218013229008
201228013229056
201228013229054
201228000206070
201228001027027
201228005314007
201228017315041
201228004333036
201228007513007
201228008437015
2012e8010561098
201228006010050
2012e8003561100
201228008744030
201228010815005
201228000807087
201228012115006
201228007313007
2012e8009029044
2012e8010761047
201218010315057
2012e8009029033
2012e8003961041
201228000718065
201228003033065
201218003022049
201228013727058
201228016609011
201228008006013
201228016443008
201228013229061
2012e8013661098
201228003033066
2012e8015961055
201228013229060
201228014628057
201228012940023
201228010515028
2012e8000861102
2012e8013761097
201228010642054
2012e8000961091
201228015926015
201228014628030
2012e8009029027
201228000807074
201228015306001
201228007514056
201228013229107
201228015029060
201228018629021
201248540408139
201228000907009
201228011215008
2012e8000761072
201228016029030
201228010840023
201228010515026
2012e8013761094
201228005314009
201228013229097
201228013622013
201228016569055
201228001007006
201228000531005
201228013229079
201228008515008
201218004133036
201228000531020
201228007513011
201228010515005
201228015329020
201228006514030
201228013622016
2012e8017761041
