201228015926009
201228008627006
201228000206060
201228005314004
201228012503004
201228010615011
201218003208135
201228011015024
201228000718013
2012e8013261161
201228002006001
201228006969042
201228004508029
201228008208014
201228007513017
201228003024055
201241047512094
201228012815021
201228010315004
201228003833085
201228006110012
201228015029033
2012e8001761048
201228006514017
2012e8000861120
2012e8007661057
201228006812051
2012e8010361062
2012e8009029014
2012e8017761042
201228017915002
2012e8010361059
201228003007002
201228015029039
2012e8013661112
201228014825015
2012e8015961051
2012e8017761037
201228000907022
201228012715024
201228010815008
201228013626031
201228015029038
201218006912015
2012e8003061078
201228013229142
2012e8008222027
201228012737039
201228006137019
2012e8006861072
201228012715002
201228007514061
2012e8015161055
201248540707099
201228000206050
201228000531007
201228002901001
201228000518002
201228012815015
201228010315013
201218000206041
201228017307012
2012e8008561037
2012e8010861028
201228008233023
201228015547014
201228010515087
2012e8010761061
201228011315004
201228010815012
201218001027054
201228003222097
201228014825001
201228005414009
201228013229098
201228015029046
201228001027049
201228014628004
201228012915005
201218013727048
201228003222096
2012e8012961006
201228010815013
201228018629077
2012e8003061068
201228007410014
201228013229042
2012e8009161001
201228013229082
201228000243083
2012e8006561054
2012e8000861100
2012e8017461026
201228010615022
201228010840022
201248540307108
201228007610001
201128005417014
201218013229051
201228015926023
