201218010215033
201228007513009
201228007010028
201228003022038
201228013626066
201228017227011
201228013229015
201228015547026
201228014825008
201228010715042
2012e8014861039
2012e8009029038
2012e8010261049
201228015029021
201228004133026
201228010715001
201228008743009
201248260107006
201228005732014
201218003024068
201228004237059
201228004133034
201228016029005
201228014825019
201228000807007
201228018629027
201228001007011
201228013626032
201218014628083
201228016029032
2012e8010761060
201228015547021
2012e8006261026
201228003908008
2012e8013661100
201248540408140
201218012115073
201228003008018
201228010615005
2012e8011061041
201218004133031
201228004215006
201228008515020
201228000936068
201228011315036
201228001707021
201228015029017
201228006015071
201228013229023
2012e8006561051
201228002917003
201228000718016
2012e8003261117
2012e8008124025
201228016029012
201228010515025
201228015615001
2012e8007361075
201228003208028
201228009207002
2012e8004361050
201228005417017
201228015029005
2012e8010761049
201218006010012
201228014629076
2012e8015961048
201228015029034
201228000807059
2012e8013261176
201228011015025
2012e8002861040
201228004522045
201228004237021
201228000936065
201228003922035
201228000206038
201228007010003
201228013626049
201228008805020
201228009207005
2012e8017761039
2012e8003561102
201228016029016
201228011315028
2012e8010461044
201228006812056
201241047512090
201228018629032
201228006110005
201228015029014
2012e8007061048
201228010515018
201249010411051
201228010515039
201228006812057
2012e8012761042
2012e8018261012
201228000206057
201228003208048
