201228017915003
201228000807018
201228013626044
201228016609004
2012e8015161048
2012e8014661086
201228010642037
201228001207008
201228004237018
201228017808001
2012e8009327003
201228018629026
201228000807013
201228016715022
201228003208057
201228011315044
201228007329048
201228015029008
2012e8011061028
201228016402003
201228007326033
2012e8017461030
2012e8013661097
201248660108060
201228013726027
201228015029057
201218013727061
2012e8017761033
201228004133062
201248710208024
201228003922034
201228003208034
2012e8003961042
201228002842042
201228010315029
201228000936093
201228003208054
2012e8003261114
201228006110010
201228015127040
201218003008031
2012e8018528004
201228011215064
201228006010019
201228011215051
201218006010086
201228008744038
201248240508096
201228003608002
2012e8001061067
201228006331015
201228018115002
201228012815017
201228006137018
201218007010032
2012e8008561031
201218013727064
201228018629007
201228015869015
2012e8010561101
201228013229068
201228009209006
201248540307101
2012e8003061076
201228012938012
201228010715027
2012e8012761052
201228007010019
201228012503011
201228003833089
201228007329044
201228015926040
201228014628051
2012e8012761047
201241065707012
201218000243100
201228014628049
201228006812022
201228000807064
201228008006035
201228007313016
201228000206029
201228013229033
201228004522052
2012e8013661109
201228007427022
201228005811042
201228012715032
2012e8004661021
201228004322019
201228006010042
201228000206068
201228015029077
201248530508030
2012e8015961045
201228004508013
201228016510002
201228007410013
201228004237019
2012e8004661026
