201228011315019
201228005811023
201228016029004
201228013726013
201228010210002
201228013626085
2012e8000961078
201228003608012
201228013626088
201228008846037
201228011215059
201228008801003
2012e8001761046
201228012737040
201228015029019
201228016715010
201228007610005
201228013229019
201228013626040
201218013607019
2012e8008629034
201228003008008
201228003308008
201228001736042
2012e8017761043
2012e8004161060
201228012938014
201228002509012
201228013727048
201228018629024
201228000807082
201228010515051
201228011015001
2012e8018161028
201228007514052
201228017322049
201228010815007
201228008817023
201228000718026
2012e8017561022
201228017728013
201228000206058
2012e8018661036
201228006010006
201228007010009
201228008805017
201228001027028
201228018012005
2012e8009327020
2012e8008136028
2012e8003261118
2012e8013561043
201218010515075
201228006514031
201228010215032
201228007514041
201228010215028
201228007514073
201228001027015
201228015029030
201248540307102
2012e8007061041
201228015029070
2012e8009161002
201228006331014
201228004508014
201228016514049
201228007631054
201228007427021
2012e8012761045
201228002421006
201228000718017
201228015869011
2012e8009029036
201228014628022
201228010210010
201228003208029
201228010515036
201228006010048
201228017408004
201228005811050
201228004508018
201228000908052
2012e8013861075
201228000718044
2012e8009029054
2012e8011061042
201228002822016
201228008314014
2012e8010661027
2012e8001061075
2012e8007361086
201228010415016
2012e8009029018
201228007427020
201228014825023
2012e8011261079
201218006010073
2012e8010261055
201228013229130
