2012e8001061077
2012e8006062088
2012e8006361023
2012e8012560026
2012e8009161006
201218001027062
2012e8008629028
201228008743019
201228012815008
201228017227010
2012e8011361056
201228013726020
201228013229111
201228011215017
2012e8006261025
201228000807056
201228016569063
201248660108061
2012e8012961027
201218010715010
2012e8013361037
201228018629045
201218003833118
201228007513036
2012e8012560030
201218011042028
2012e8004561063
201228000807036
201228006812088
201228006912023
2012e8001061080
2012e8015961042
2012e8002861030
201228002421008
201228010715028
201228016215008
2012e8004661027
201228003208063
201228000206071
201228013726002
201228007313019
2012e8017961023
201228015329008
201228007610009
201228008744040
201218000807034
201228016029047
201228015029069
2012e8008961019
2012e8015061084
201248540408128
201228006310003
2012e8004261075
201228003024062
201228013229117
201228007513003
201228007427019
201228003008028
201228017808002
201248660108062
201228000718042
201228013626079
2012e8008627021
201228015329006
201248600108071
201228007313026
201248260508095
201228010815003
201228003208044
201228007335060
2012e8017861024
201228008006017
201228003208032
2012e8017461037
201228013626064
201228006514003
201228003908009
201228010715008
2012e8004261078
201228003208073
201228006015062
201228015926033
201228013626035
201228013229050
2012e8015161069
2012e8016061036
201228015029041
2012e8013661106
201228015029026
201228010269042
2012e8004161049
201218013726032
201228007610008
201228017408003
201228010210008
201228007514047
201228006812054
201228008006005
201228003908012
201228010315039
