201228016514038
201228004333028
201228008743012
2012e8013361045
201248710208025
2012e8015161071
2012e8013261172
2012e8004161042
2012e8003061082
201228008629015
201228018069008
201228010715034
201228001715022
201228012503046
201228004237052
201228000907027
201228007329056
201228003208031
2012e8004161056
2012e8004661030
201228011215058
201228001909001
201228001707012
201228012503038
201228001207012
201228012815019
201228013229080
2012e8008437018
201228003208052
201228013524011
201228017114021
201228005314005
201228008846036
201228000907008
201228013229009
201228001027039
201228012503015
201228007427018
201248240508093
201228010515079
201228004133014
2012e8013561044
201228000807008
201228000807065
201228011042049
201228000807062
201228003024050
201228016029013
201228000718045
201228012940031
201228007010016
201228003008010
2012e8003261113
201228002822012
201228011037027
201228013727081
201228010515033
201228007010004
201228012250024
201228007010015
2012e8000561029
201228007514055
2012e8000861116
201228015029053
201228010215031
2012e8000561031
201228016443007
201228007010017
201228007610021
2012e8012560031
201228003208053
201228012503018
201218000807026
201228013607001
201228010515090
2012e8003261108
201241065708016
201228008314015
201218003208120
201228013726022
201228018629062
2012e8011361051
201228003022034
201228010210026
201228013727051
201228007615045
2012e8013561048
201228000807047
201218003208163
201218003022045
2012e8012861038
201228000243086
201228010210007
201218000206036
201228014628052
201228017422024
201228002627005
201228001707013
201218013626052
201228004608008
