201228013229095
201128010642028
201228001027026
2012e8017361054
201228017307018
201218014825009
201228001027019
201228012815033
201228003908007
201228012215007
2012e8000961086
201228013726015
201228000718059
201228013622019
201228003908033
201228003208014
2012e8003661026
201228001207003
201228003908022
2012e8006561048
201228008415008
201228018629065
2012e8009029059
2012e8009327005
201228018629078
201228015029071
201228004508011
201228017515013
201228013726012
201228014628060
201228010840025
2012e8000961073
201228008313010
201228017808006
201228010515024
201228000807003
201228007010030
201228006137014
201228007513018
201228000807032
2012e8000561027
201228013626074
201228000907010
2012e8008332021
2012e8006861071
2012e8007361084
2012e8017561021
201248260508098
201228008313008
201228015029040
201228003208067
201228013726028
201228011042045
2012e8002861037
201228015029003
2012e8006361025
201218007514073
2012e8002661009
201228017422016
201228014825007
201228007010011
201228011015008
201228006514007
201228000206028
201228013229144
201218007514070
201228012737041
201228013727046
201228004237051
201228017515005
201228001207014
201228008904009
201218014628004
201228003608001
201228012815022
201228014628027
201228006514038
201228006215011
201228008107013
2012e8015861019
201228006010033
201228000907040
201228010210014
2012e8006861074
2012e8001061064
201228010715018
201228013726042
201228018137024
2012e8001761047
201228000206014
201248540707094
2012e8009161007
2012e8006361024
201228018629023
201228018629069
201228008627004
201228015547031
2012e8013261154
201228006010023
201228008849009
