201228011015016
201228007313012
201228006812047
201228001027051
2012e8014661089
201218007010025
2012e8017261019
201228001027054
201228010315018
2012e8003261119
201218015926043
2012e8012961026
2012e8003261112
201218001007025
201228008744037
2012e8004561065
201218000807057
201228018629015
2012e8013761089
2012e8012761044
2012e8012161031
201248260508088
201228012715012
201228017315042
2012e8008222021
201228013229011
201228001207010
2012e8009029047
201228001707017
201218013229075
201228017308037
201228005414005
201228014825024
201228000807006
201228017515014
201228002718008
201228017933009
201228000807050
201228011315006
201228003633022
201228006310006
201248540408129
201228017110012
201218000718031
201228002509016
201228000216074
2012e8018427007
201228008904001
201228010615003
201228013229113
2012e8012161029
201228008006001
201228007514057
201241047507101
2011e8010663052
201218012115063
2012e8009327010
2012e8007061042
201228010515022
201228006010047
201228017308023
201228000907024
201228000206035
201228007610030
201248530107063
201228008743011
201228006137021
201228004133036
201228006912020
201228015029063
201241047512095
201228001707020
201228004614012
201228008801004
201228016514013
201228014628007
201228000718030
201228013229057
2012e8001761051
201228009222008
201228007611033
201228000907043
201228003608010
201228007514053
201228017308032
201228008233024
201228013727055
201228007326040
201228011215035
201228017308061
201228005811047
2012e8006062085
2012e8007461036
201228006310012
201228012138037
2012e8002661010
201228015547017
201228018012006
201228010315042
201228007326031
