2012e8014861043
2012e8013261151
201228004333039
201228015029043
201228002509002
201228017542027
201228011215011
201228004122006
201228008743017
201228004508032
201128016239020
201228013229138
201228000907020
201228000907017
201248300108023
201228010315036
2012e8010361061
201228013727072
201228003908005
201228009329008
201228012115040
201228003208025
201228000206012
201228006015065
201228012115014
201228010515003
201228000718031
201228000807058
2012e8004261086
201228007010027
201228008006004
201228006269019
2012e8017861027
201228015547001
201228015869016
201228011015014
2012e8017461031
201228005811038
201228004522041
2012e8017761032
201218014825016
201228003208079
201228012503042
201228002509014
201228016715019
201228008437016
201228000807052
2012e8007061044
201228007513031
2012e8017461035
201228006210006
201248540408132
201228005811024
201228018629075
201228003608005
201228004308003
201248300108024
201228003024061
201228003908020
201228000531022
201228015029025
201128012215016
201228017307001
201228006137023
201228014628024
201228006837069
201228003908006
201228004508006
201228002822010
201128010615011
2012e8011361062
201228007514068
201228003208047
201228013229070
201228007610003
201228011315017
201228000718015
201228006015060
201228004522040
2012e8009029061
2012e8009029035
201228017542024
201228013229121
201228007514044
2012e8016061038
2012e8012161026
201228000807067
201228015129045
201228000718029
201228007513032
201228010315011
201228017308035
201228018137013
201228010840024
2012e8013661094
2012e8002461019
201228013229073
201228018629003
201228013727047
201228010315050
