201228015029075
2012e8004261081
201218006514010
201248660108066
201228014629080
201228006514034
201228002826020
201228015926008
201228006941055
201228011215037
201228013229124
201228000907030
2012e8004361046
201228002718004
201228000718058
201228006812062
201228010315027
2012e8017361059
201228008627007
201228018629010
201228000531013
2012e8009029049
201218013626057
2012e8009029022
201228000807028
201228000807046
201228007513035
2012e8007361077
201228013229118
201228000531008
2012e8015961041
201228013229083
201228006069075
201228004508028
201218014628064
2012e8001761052
201218013626056
201228017307015
201228008006012
201228016029010
201228017826015
2012e8007461028
201248540307095
201228016715005
201228017308034
201228003908016
201228010210005
2012e8018661039
201228013229003
201228012938011
201248540707091
2012e8011061039
2012e8003061074
201228013726014
201228017307008
201228017220008
201128010642039
2012e8017761040
201228003208072
2012e8006061081
201228010715022
201228013626069
2012e8013761102
201228010215035
201228003024048
201228004522049
2012e8016061033
201228001027033
201228015127033
201228014825030
201228013229076
2012e8013661095
201228000243082
201228007313022
201228000807016
201228008629013
201218000531015
2012e8017561016
2012e8017361060
201228014825025
201228006812005
201228007410010
201228012815014
2012e8009029062
201228012815023
201228017111016
201228009329006
201228007313023
201228016715028
201228011215040
201228015547011
201218013727057
2012e8010361065
201228004237024
2012e8018161031
201228006812016
201228012715027
201228013727067
2012e8010261048
201228008006030
