2012e8008629035
201228018629029
201228017113018
201228012715006
201228013727079
2012e8009029046
201228010215036
2012e8006261028
201228003008011
201228010315055
2012e8010261056
201228002842041
201248580108051
201228003024051
2012e8007461029
201228013726018
201228013229185
201228017515001
201228003833087
201228011015010
201228001736031
201228001736043
201228000907035
201228015120012
201228008313012
201228011315038
201228008744034
201228015814002
201228015029072
201228011315012
201228010515011
201228010215040
201248540707090
201228004608010
201228012738060
201228003208092
201218000807090
201228001736039
201228007010025
201228006514023
201228003222098
201228015926022
201228006210009
201218012115044
201228006010003
2012e8006261027
201228017322047
201248600108078
201228000206042
201218015926032
2012e8017461027
201228003833081
201228003208003
201228000929056
201228015547019
201228003008027
201228008107016
201228003208086
201228010240063
201228017307013
201228013229005
201228006812013
2012e8001061069
201228017307019
2012e8000961090
201228010315008
201228010515078
2012e8007661062
201228001027036
201228014628031
201228003208005
2012e8018261009
201228000807022
201228008006010
201228013727073
201228013229046
201228005811001
2012e8015061080
201228016715007
201228014825017
201228006310001
201228010715043
201228012115009
201228000718039
201228010515029
201228005314002
201218007010040
201228006812039
201228013622027
201218001736034
201228017408001
201228003833098
201228006215012
201248540307107
201228007534074
201228016444018
201228013229099
201228013229141
2012e8013661103
201228005811031
