2012e8000861107
2012e8003261105
201228016514048
201228008107010
201228010240065
201228016715008
201228011315033
2012e8009161009
2012e8018261005
201228013727063
201228014628046
2012e8003661027
2012e8017261026
2012e8016761039
201228001007003
201228013726034
201228011042046
201218003208182
201218013229020
201228007313004
201228017729020
2012e8002861031
201128012215017
2012e8009029020
201228011315031
201228004237016
201228003008009
201228000908053
2012e8013761087
201228010240066
201228002509023
201228004333035
201228006537043
201228006812018
2012e8013761085
201228017422021
201228006338030
201228015547028
201228003208091
2012e8013261157
201228015547009
2012e8005861055
201248540707092
201218013229040
201228013607007
201228003208077
201228004133028
201228017826016
201228015869018
201228010715032
2012e8010261070
201228015029073
201228003008025
201228018408001
201228014869037
2012e8006961057
2012e8000861112
201228001027042
201228004237046
201228018012004
201228007329053
201228017110025
201228011215038
201228016512005
201228007410009
201128016215003
201228000718048
201228010642044
2012e8009029032
2012e8004261077
201228011069026
201228015127039
201228006812048
2012e8004161059
201228013607010
201228016609009
201218007513020
2012e8013361038
201228015029054
201228003908028
201228006010024
201228017111017
2012e8000861103
201228013524007
201228008805018
201228004133016
201228013229136
2012e8000961080
2012e8006062090
201228011215055
201228018629012
201228017408005
201228010715063
201228005811048
201228015029052
201228016609006
2012e8000861098
201248540408127
2012e8013261175
201228013524026
