2012e8017461038
201228000531019
201228007329086
201228008208009
201228015029047
2012e8018528005
2012e8018422006
201228006310009
201228013727045
201228004507003
201228004522046
2012e8009029029
201228003022042
201228003908031
201218000807084
201228011215026
201228011215061
201228007514065
201228013726026
2012e8017861023
201228003208084
201228000807093
201228015926039
2012e8006161024
201228016510001
2012e8009161008
201228010515089
2012e8014661087
201228006969041
201228012940018
2012e8006061084
201228013229081
201218000807011
201228012503023
201248600108077
201228014628023
201218000807062
201228010415002
201228012503037
201228008006033
201228013626054
201228002829025
201228011215063
2012e8000861099
201228012815029
2012e8008332020
201228008208016
201228010415017
2012e8018528008
201228000807005
201228010715045
201228018537010
201228006010045
201228018629063
201228005417012
201228014628048
201228003208060
2012e8012861040
201228009143043
201228010715010
201228003008026
201228017729022
201228004133066
201228003022037
2012e8017761030
201228003208081
2012e8013261163
201228000807066
201228010315017
201228006210001
201228007427024
201228004507002
201228003208055
201228007010008
201218003833134
201228012415024
201228013626037
201228010515035
2012e8017961012
201228010515080
201228007329043
201228013727084
201248530508033
2012e8003261120
201228003208015
201228010715036
201228002509024
201228012815034
201228012503001
2012e8018161033
201228013727054
201228013229115
2012e8009161013
201228010515086
201228008904015
2012e8006261023
201228010315038
201228017728012
2012e8009161015
201218007514084
