201228006812006
201228000807011
201228015547004
201228017515011
201228003208087
2012e8006062086
2012e8004261066
2012e8013361036
201228006812038
201228003007007
201228012503012
201228014628009
2012e8006261029
201228006812040
201228015926016
201228010515053
2012e8009222014
201228004322021
201128016215006
201228008817022
201228003008024
201248260508090
201228013229140
201228008904014
201228010315037
201228009143044
201228014628064
201228010715044
201228014629075
201228008515004
201228010715029
201228000718010
2012e8010561100
201228015029011
201228006010011
2012e8018061022
2012e8009327008
201228003208013
201228002006002
2012e8008629027
201228016715027
2012e8012560028
201228018629028
201228013229133
201248600108074
201228008118023
201228007313009
201228011015005
201228012715005
2012e8011261088
2012e8002861028
201228008743002
201228018629018
201228005710007
201228010315022
201128016215009
201228007326034
2012e8013561036
admin
201228011015007
201241047507089
201228015127038
201228006010026
201228000206036
201228010315007
201228014628068
201228011215022
201228000229080
201228000206043
201228008846043
2012e8013761091
2012e8012161034
201228016215012
201228004122001
201228000718001
2012e8015061088
2012e8013261180
201228004237054
201228000206047
2012e8012961009
201228005417015
201228003022033
2012e8011061031
2012e8013361047
2012e8015361022
201228017515003
201228004133009
201218014628005
201228013229032
201228014825033
201228012815025
201228003833082
201228013626056
201228013622020
2012e8000961076
201228011215075
201228000907019
2012e8013261159
201228002509007
201228000929054
