201228004308014
201228003208085
201218003833122
201228010642042
201228010815010
2012e8015961047
201248240507087
201228008006008
201228011215023
201218010315041
201228004333043
2012e8009029053
201228007611040
201228003308006
201228010715012
201228007610006
2012e8018161029
201248540307098
201228010515050
2012e8018661079
201228018629009
201228008743004
201228008801006
201228011215050
201228013726039
201228011315011
201228008208003
201228005811032
201228013229091
201228010615015
201128007610020
201228014628045
201228015029078
201228010515068
201228007027035
201228015547018
201228000718052
201228013726023
201228000718041
201228008006028
201228006015070
201218013229009
201228010642046
201228010269041
2012e8017361058
201228001027038
201228013626051
2012e8018661082
2012e8015161064
201228006514033
201228006514026
201228008744039
2012e8009327009
2012e8009029031
201228008006019
201228006812011
201228003308011
201228003833079
201228015926001
2012e8007461033
201228005811002
2012e8007062046
201228005314003
201228003908002
201228003308009
201228008006020
2012e8009029040
201248540707101
201228007534077
2012e8015361023
201228017875007
201248240508095
201228013622023
201228015128044
201228013727065
201248300108022
201228012115017
201228006010009
201228007410012
2012e8004261070
201228008904017
2012e8009327007
201228010240064
201228002006005
201228012715017
201228017113020
201218004508015
201228000206007
201228003908032
201228000907007
201228017422012
201228012115012
201228000718019
2012e8009161004
2012e8016761040
201228004333031
201228018629011
201228011315001
2012e8009161003
201228018629022
