201128012503038
2012e8000561035
201228010515065
201228007513020
201228016029015
201228003908014
201228013726032
201228008515016
201228001207016
2012e8017961019
201228011215036
201228017114023
201228011278078
201241065708014
201228001207015
2012e8017961015
201228000936058
201228013726009
201228017708002
2012e8006861077
201228011215003
2012e8015161073
201228008314013
201228008743003
201228013524010
201228013727044
201228000206004
2012e8003061081
201228000531016
201228013229088
2012e8005861052
2012e8018661049
201228010515019
2012e8006861078
201228017422019
201228010615002
201228016029018
2012e8006061080
201228017422015
2012e8000861111
201228000807072
2012e8003261116
2012e8009161005
201228015926007
2012e8011261084
201228015119004
201228007313002
201228009329003
201228010315028
201228010715024
201228004133031
201228006010052
2012e8006561049
201228006812027
201228003024063
2012e8004361048
201228003208045
201228000718034
201228008904008
201228000807019
2012e8007461035
2012e8009029039
201228008515015
201228008410003
201228014825013
201228016029001
201228005811009
201218004237096
201228003008017
201228013229031
2012e8007661060
201228006010035
2012e8012761063
201228013626047
201228012503003
2012e8000761068
201228001736040
201228010315016
201228016609001
2012e8015161063
201228005811030
2012e8008437020
201248530508031
2012e8010861026
201218000531033
201228011215068
201228001707055
2012e8006561056
201228010515047
201228002509003
201218013727052
201228000936067
201228002409003
201218017308022
201228007427023
2012e8018061014
201228012115001
201218014825007
201228007027036
201218004508011
