201248530107064
201228017769027
201228004215004
201228013726003
201228000807083
2012e8017261025
201228014628040
201228010715064
2012e8007061039
201228013622017
201218004133054
201218013229077
201218015029012
201228017307061
201228015029066
201228011215052
201218000807008
2012e8018261008
201228016215002
201228003208002
201228014825034
201228017728011
2012e8015661014
2012e8001061065
201228003208070
201218004237086
201218007534101
2012e8014661094
201228001736033
2012e8007361080
201248622108036
201228007611041
201228003908019
201228007313024
201228006010032
201228003833099
201228000718011
201228013229018
201228007313014
201228006912028
2012e8000861110
201218003008025
201228010740064
201228012215013
201248540407134
201228010815004
201228010642045
2012e8007062047
201228003908026
201228003608009
201228007513021
201228006010053
201228010515060
201228013229053
201228006331017
201228011315009
201228005313001
201228017826011
2012e8001061081
201228010315033
2012e8002561032
201228013229020
2012e8009222015
201228006215016
201228016215015
2012e8010761048
2012e8008561038
2012e8009029051
201228008515021
201228010515070
201228006110026
201228006110006
201228010315015
2012e8018528007
2012e8007361079
2012e8013661099
2012e8000961081
201228007615043
2012e8009327002
201228017542028
201228004133032
201228004333034
201228010515046
201228014629073
201228002826021
2012e8013261155
201228013626068
201228013626045
201218015926037
201228004508035
201228015926035
2012e8003061072
201218000807036
2012e8013261158
2012e8013261171
201228003022036
201228001027043
201228007514045
201228012250025
201228017933007
