201228000929055
2012e8008222024
201228003208043
201128016215011
201218014628079
201228000936060
201228010210009
201228017220001
2012e8012761046
201218003833094
201228001007001
201228010642041
201228010210018
201228008410007
201228004508016
201228000229079
201228017542025
201218003833120
201228011315010
201228002509015
201228008743021
201228014825021
201228010515007
2012e8009327004
201228015926006
201228013524020
201241047507087
201228010615012
201228001027018
201228001027032
201228000907016
201228004133033
201228005417011
201228000807091
201228012715013
2012e8010761059
201228003908018
201218001027055
201228014825026
2012e8017461036
201218012115075
201218011315026
201228012715001
201228006812026
201228003008022
201248600108070
201228006514013
2012e8004261062
201228000936066
2012e8006961050
201218003208022
201228003208009
2012e8013861105
201228010715016
201228000718053
201128007610001
201228018012001
201228018069010
201228004507001
201228010515044
201228007513015
201228007410004
201248600108080
201228006010013
201128010615013
201218003008022
201228017422022
2011e8010561097
201228001027045
201228006338027
201228015869017
201228012915004
2012e8010661025
201228007513026
201228006010008
2012e8011261083
201228004333042
2012e8009327017
2011e8010661048
201228007410011
201228003208006
2012e8012161039
2012e8008629033
201248660108059
201228004215087
201228000907001
201228010415010
201228008846027
2012e8013661104
201228012815030
201228017308021
201228000216073
201218000206002
2012e8015661012
201228015869014
2012e8017961013
2012e8004561060
2012e8017761029
201218017308028
201228011315003
