201228007010002
2012e8012161028
201228013524028
201228003908011
201228005414002
201228010815001
201228010269044
2012e8004661029
201228003608016
201228018115001
2012e8000761069
201228018529013
201228001722027
201228006210003
201228010215037
201228012715016
201241047507097
201228002509036
201228011315032
201228013229036
201228000907023
201228003908030
201228016715018
201228016443012
201228000907041
201228013826024
201228001027016
201228017715003
201228006537044
201228016715034
201228013229104
201248580108049
201228000807041
201228013607004
201228007326035
2012e8014661082
201228004322016
201228007313010
201228014628054
201228013229128
2012e8003061071
201228000206032
201228005811003
201218003208028
201228015615002
201228004515037
201228015926017
201228008515019
201228000216072
201228006812024
2012e8001761053
2012e8007361068
2011e8010861023
201228004508025
201228007513012
2012e8012761049
201228012503048
201228003022031
2012e8010061262
201228015029059
2012e8000861118
201228000807057
201228010210067
201228006010012
201218001007011
201228006812052
201228017322062
2012e8018061021
201218006912026
201228012715062
2012e8006361019
2012e8003061083
201228010210024
201228001207013
201228004122002
201228012715037
201228017308028
2012e8017761034
2012e8004561062
2012e8016061041
201228007335061
2012e8003061073
201228003008016
201228007610014
201228016514040
2012e8004661020
201228015107001
2012e8017261022
201228001707003
201228007631048
2012e8006361033
201128016215017
201228013229058
201228001707008
2012e8005761021
201228017729018
201228018629008
2012e8009327006
2012e8016061044
201228002421009
