201249010411048
201228003908025
2012e8010661035
201228018743001
201228006812059
2012e8008629032
201228017114024
201228016029024
201228001207004
201248540707104
201228012815031
201128012503002
201228002409004
201228000907021
201248600108073
201228012503008
201228013524019
2012e8003061084
201228006912004
201228000807054
2012e8012761048
2012e8012761043
201228003208071
201228001728029
201228008744032
201228010210025
201228010415015
201228007610026
201218015120002
201228003208042
201228004237029
201228003833104
2012e8001061073
2012e8010261053
2012e8015061086
201228003208035
201128008314017
201228013229062
201228001007009
201228013626083
201228012815011
201228013229126
201228003833091
201228003208068
201228013229049
201228015926005
201228004333040
201228005732015
201228003007001
201228006969039
2012e8013361043
201218002509005
2012e8007361082
201228001007004
201228013920125
201228017307006
201228006514040
201228010515013
201128010642035
201228000936064
201228007611037
201228005314006
201218006010053
201228010415012
2012e8002461020
2012e8018661080
201228012215010
201228014628053
201128007610005
201228003208049
201228006215031
201228006210002
201228007513022
201228005811010
201228013607006
201228017110004
201228013626086
201228008208008
201228004133015
201228005811008
201228007010031
2012e8004561059
201228004508022
201228006210005
201228008515013
2012e8006561053
201228017308027
201228010615009
201228013622025
201128007610018
201228006015068
201228017308022
2012e8015961044
201218014825008
201228010315047
201228017515010
201228007326038
201228006841087
2012e8017561017
201228007514049
