201228000206059
201228008817021
201228000206003
201228012815018
201128005710003
201228018629006
2012e8009029037
2012e8000561023
201228006912036
201228010515010
201228007313028
201228000907034
201228006812010
201228006912005
201228011315025
201228000807030
201218011315002
201228014628001
201228012115007
201228008849010
2012e8007361073
201228007610025
2012e8002861035
201228015926025
201228013727070
201228013727083
201228013229027
2012e8001061058
201228003908001
201228008743010
201228000206039
201228016715014
201228008006018
201228002718007
201228012503025
201228008904018
201128012938006
201248710207020
2012e8000961077
201228008515024
201228012715007
201228004614015
201228012503006
201228010515077
201228007010023
201228017307009
201228007513037
201228007313005
201228002509013
201228017422023
201228007513008
201228000936071
201228010315009
201228015926027
201228013229105
201248540408124
201228018215003
201228010315002
201228004522048
201228010315025
201228010515032
2012e8004161063
201228006514011
2012e8011061029
201228015029009
201228013607009
2012e8001061078
201228005811014
201228008846030
201228011042055
201228007010012
201228018629057
201228006010044
201228015926003
201218007514053
201228008743015
201228007513016
201218012115080
201228015121026
201228004333038
201228008627001
201228007611038
2012e8004261083
201228016029007
201228016609010
201218000718035
2012e8001761044
201228016029009
201228017235012
201228004237040
201228013726008
2012e8017361056
2012e8013261183
201228010715039
201228004215011
201228007610017
201228016215006
201228016402016
201228002427014
201228012815032
