201228010615013
201228016029022
201228000807035
201228000807088
201228005732019
201228008629018
201228003608011
201228002509018
201228003208038
201228000243081
201228002822017
201228000206017
201218015029014
201228015547030
201228014628041
2012e8003861114
201228007329045
201228010315054
201228007631056
2012e8006961051
201228014628019
2012e8004161043
201228017220005
201228016512007
2012e8018427016
2012e8006361021
201228001707014
201228004508019
201228004508012
201228012250023
201228000907031
201228006110001
201228002917004
201228003024056
201228016029006
201228013229026
201228004608005
201228017826014
201228007010022
201228007513004
201218000206056
201228011215006
201228006812009
201218000807111
201228007010021
201228010515038
201228016402001
2012e8003261115
201228013229069
201228010315032
201228000907033
201218006514037
201228012115022
2012e8000861117
201128016239023
201228003333018
201228016514012
201228006210004
201228003908003
201228003208056
201228008904016
201228013229100
201228006010025
201228008744033
201228008744036
2012e8011361059
201228015029018
201228003022039
201218011315052
2012e8008222020
2012e8004261076
201228003608013
201228013229085
201241047507100
201228010210012
201228001909002
201228010210021
201228017769023
201228003008015
201228003024052
2012e8009029057
201228000807080
201228013622015
201228008118022
201228001027021
2012e8004161064
201228007631053
201228015029056
201228015029048
2012e8000861104
201228007610023
201228003308012
201228004614011
201248622108034
2012e8009029063
2012e8002461022
2012e8009161017
201228016715024
201228011015004
201228005713009
