201228008904020
2012e8001761049
201218003208055
2012e8013561037
2012e8006961049
201228008846039
201218011315041
201228006912037
201228007010013
201228018629002
201228008629016
2012e8008136026
201228011215030
201228013727074
201228013626053
201228012815009
201228002718003
201228013229089
201228006110002
201248580107052
2012e8006361022
2012e8010761050
201228000531003
2012e8003861113
201228010215034
201228012815010
201228011215020
201228000718020
201228018069007
201228000718060
201228001027024
201228004237023
201128004308003
201218006010066
201218003208145
201228006912016
201228012503034
2012e8013361040
201228006912018
201228007313013
201228013229052
201228000907036
201228005710003
201228010210013
2012e8013661101
201249010411046
201228012503039
2012e8003061070
201228011215057
201228004237039
2012e8003861112
201228007313021
201228003633023
201228016029020
201228014628066
201228015547025
201228002509009
201228015029023
201228004614014
201228008801002
201241065708013
201228010315049
201228006969040
201228013626062
2012e8009029043
201128016239024
201228005811015
201228005732011
201228003024054
201228011315037
201228005314010
201228014825005
201228013229010
201228001707002
201228017933011
201228006812061
201228004237028
201228010615006
201228007610010
201228004508008
201228005811020
201228000807025
201128010615008
201228017729016
201228005417016
201228000907045
201228000807089
201228010615016
201228012815020
201228007329054
2012e8009029052
201228015926010
201228007514046
201228006010043
201228006015066
201228011215024
201228007313008
2012e8003961047
2012e8013261160
201228011215043
