201228000907025
201218013229033
201218003022043
201228002421010
201228011215016
201228000807070
201228002826024
2012e8009327019
201228015814003
201228013229086
201228013726029
201218017308032
201228003833102
201228015029049
2012e8014661092
201228001736035
201228006812042
2012e8016261018
201228014628018
2012e8000861119
2012e8000861114
201228013727062
201228011042047
201228007669047
201228006812053
2012e8011361052
201228011015022
2012e8004661023
201228004308002
2012e8013261181
201228008107003
201228006912011
201248530508032
201228018137017
201228007326042
201228001707019
201228018069019
201228007514050
201228001207017
201249010411050
201228016715002
201228005811022
201228000718024
201228008006023
201228016715009
2012e8003861115
201228017308025
2012e8008561039
2012e8004161057
201228003608019
2012e8011063044
201228006812003
201228013626087
201248540707097
201228015926028
201228012815026
201228013626057
201228010715014
201228010315040
2012e8014661093
201228006010030
2012e8006861080
2012e8006062089
201228000907002
2012e8018061013
201228001707005
201228003208004
201228002822013
201228000907028
201228005414006
201228000718043
201228006912034
201228013229071
201228005811021
201228006812023
201248540307097
2012e8018261013
2012e8001761054
201228017307011
2012e8003261107
201228015926037
201228004237053
201228010210022
201228000807037
2012e8017261017
2012e8007361070
201228017315043
2012e8006861076
201228001207019
2012e8017961016
2012e8003061075
2012e8006361020
201228016514027
201228003208083
201248580108050
201228010240061
201228010210017
201228010315048
201228010315045
201228008107017
