201228000907005
201228013626055
201228010515030
201128010815010
201228015127034
201228014628028
201228000807020
2012e8017461028
2012e8013761095
2012e8014861048
201228002917008
2012e8013661108
201248260508093
201228001707004
2012e8009029017
201228012503045
201228012503017
201228010315001
201228007611039
2012e8008332022
201228004614013
201228018537011
2012e8008222023
201228013622011
201228014825014
201228008208004
201228013726005
201228009207001
201228015029004
201228011315039
201228014825027
201228008208012
201228000807086
201228011215056
201228008515001
201228011015015
201228013727068
201228001027056
201228002826023
2012e8004161048
201228013626091
201228006912027
2012e8015061085
201228014628015
201228012940022
201228003208046
2012e8006161027
201228013229063
201228000718038
201228017408002
201228000907006
2012e8016061035
201228010715041
201228008438017
201228018069018
201228014628062
201228000718047
2012e8013361042
2012e8010261060
201228000718040
201228003208050
201228007010007
201228015615009
2012e8007061038
2012e8013561042
201228016443014
2012e8004561068
201228002808004
201228013229016
201228010515056
2012e8010261052
201228012715003
201228017308038
201228013524008
201228013626065
201228017308029
201228013229108
201228010515027
201228002808001
201228013626078
201228004608009
2012e8004161045
2012e8005761026
201228013727050
201228016239019
201228005414007
201228014628067
201228016029026
201228007010033
2012e8014861046
201228011215074
201228015869010
201228003008020
201228005811026
201228006010031
201228008208005
201128008314020
201228003208062
201228006015069
201228006310004
