2011e8005761023
201228008743006
201228018629056
201228002718010
201228009207004
201228004208001
201248240508092
201228006837068
201228002822014
201228005314008
201228013229116
2012e8004261074
201228016715004
201228006010034
201228006811002
201228015547005
2012e8016061046
2012e8013661102
201228010515041
201228008904006
201228003208088
201228018629076
201228003833078
2012e8017761036
201228003024049
201228010815009
201218013229034
201218005811075
201228015029067
2012e8017861021
201228012715023
201228010715005
201228006110008
201228015029010
2012e8007061040
201228010315034
2012e8001061060
201228015926029
201228002427015
201228003308003
201228014628032
201228016609005
201248540307104
201228004237057
2012e8007361071
201228005811011
2012e8013561045
201228000807077
2012e8010361058
201228006912015
201228018115007
2012e8016561077
201228010715030
2012e8004161044
201228015029065
201228013229039
2012e8006061082
201228010715013
2012e8001061072
201228007610027
201228006310010
201228006269021
201228010515082
201228017110013
201228015926011
2012e8010561091
2012e8014661091
201228018629033
201228007410006
201228006514037
201228014628020
201228017826010
2012e8017861025
201228002509028
201228010715019
201228012938015
201228008006031
2012e8000861101
201228018137016
201228004608001
2012e8010261054
201228004633019
2012e8009029016
201228007427017
201228000531017
201218000807012
201218010210008
201228003208001
201228010269043
201228003608003
201228000907037
201228009329005
2012e8009029055
201228010515042
201228013524013
201228013626073
201228005811051
2012e8000861115
2012e8013661111
201228006010029
