201228012738056
2012e8014661083
201228015121022
201228018408002
201228018115004
2012e8007461025
2012e8008629025
201228003208041
201228000718025
201228004133023
201228003222100
201248540408131
201228000807009
201228008222022
201228002427016
201228000807084
2012e8007461026
201228000807081
2012e8008332019
201228010715040
201228006015063
2012e8011361046
201228004508036
2012e8011361057
201228015029006
201228003208022
201228006837066
2012e8010361057
201228014628011
2012e8016761038
201228008904005
2012e8018261006
201228015547007
201228003208090
2012e8002861039
2012e8000961089
201228010515001
201228013727060
201228010515020
201228018629058
201228011315043
201228010315024
201228003908021
2012e8008627019
201228017515009
2012e8013261170
201228013229007
2012e8003361016
201228015329017
201228014825031
201228010315052
201218000718023
201228005811034
201228010815016
2012e8006961045
201228003022035
201228000807061
201228003833092
201228001027030
201128007610035
201228010315041
201228000206025
201228017729017
201228006069078
201228011215025
201228006011057
201228013727052
201228000206019
201228015029058
2012e8013661096
201248260508091
201228006269022
201228006015064
201228014629079
201248600108076
201228013229012
201228006015072
201228017220004
201228017826013
201228011042044
201228002509020
201228007611042
201228009329010
201228008846035
2012e8004161046
201228003208036
201218000807088
201228011215069
2012e8010061272
201228013229078
201228004608002
201248240508091
201228014628010
201228006010051
201228014629078
201228001736030
2012e8018261007
201228008629037
201228010210015
201228014825036
