201228013229035
201228007514062
201228018069025
201228010642043
201228008006009
201228007631052
201228000206022
201228017322050
2012e8009029056
201228013727049
201228017322052
2012e8003261106
2012e8007061043
201228005811018
2012e8013561035
2012e8008561035
201228016715001
201228014825009
201228013726033
201128008846027
201228004333041
201228009207003
201228018629046
201228011042052
201228016029017
2012e8006961044
2012e8004561067
201228015029044
201228011315015
2012e8018528003
201228004333037
201228008817025
2012e8017761035
201228005811033
201228012503021
201228007410008
201218003222189
201228013229102
201228016715043
201228002607002
201228014628065
2012e8013261150
2012e8014661088
2012e8010661024
201228016443006
201228012815007
201218014628011
201228012115020
201228015615007
201228013626039
201228016514043
201228015814009
201228010269045
201228006812021
201228007514048
201228009329009
201248580108046
201228006912022
201228014628016
201228007313020
2012e8018161032
201218007010029
201228000807076
201228010515061
201228010210011
201228015926018
201128010642038
2012e8018661040
2012e8013561047
201228006912035
201228001027022
201228013727053
2012e8017461034
201228014628037
2012e8010761051
201218006010064
201228013229067
201228018629005
201228004508031
201228015547002
201228008208013
201228012215004
2012e8010261057
201228004508023
201228015029045
2012e8017261020
201228015926002
201218006912022
201228006912030
2012e8018661038
2012e8000961087
201228006010022
201228010415004
201228006812045
201228006514028
201228004133065
201228006215015
201228017307002
201228013726041
201218003208083
