201228006331016
201228010415005
201228004133013
201228008846028
2012e8000961079
201228013524025
2012e8004161055
201228007534079
201228014628050
2012e8004161052
201228007514060
201218007514047
201228015814007
201228004237045
201228018069011
201228012115024
201228003208089
201228014825028
201228008208017
201228010515006
201228014825035
201228008904002
2012e8018528009
201228007326036
201228001007005
2012e8004561061
201228014628056
201228003308007
201228001207002
201248600108075
201228013726017
201218006912027
201228018629071
201228001027020
201228016443013
201228016609002
201228000206018
201228001027034
201228002808002
201228018629043
2012e8009029048
201228006812055
201228013626089
201228017307014
201218013607014
2012e8003961044
201228006912001
2012e8002661012
201228008006024
201228013726001
201128007610014
201228002006004
201228008313011
201228005811012
201248660108064
2012e8010761056
201218013626054
201228010715006
201228015869013
201228002718009
201228012503005
201228008334018
201228001207018
2012e8015161070
201228004215012
201228018012016
201228007631051
201228003008019
201228014628026
201218003833086
201228006912025
2012e8004661025
201228011042054
201228000206034
2012e8017961026
201228013726035
2012e8008561026
201218007610002
201228005732018
201228010515088
201228003308010
201228015029035
201228012503010
201228007513039
201228013524005
201228000807021
201228016715021
201218007514056
2012e8001061068
2012e8006861073
201228008515017
201228013524006
201228007513010
201228006514012
201228007410003
201228014629081
201228008006011
201228000807034
201228016715036
201228008515014
