201228002509022
201228007631050
201228007513019
201228002627011
201228005710005
201228004508034
201228015547024
2012e8000761073
2012e8000761074
201228013626076
2012e8006261024
201228000206006
201228011042053
201228013726016
201228015926024
2012e8018161030
201228000206049
201228012715030
201228010315043
201228015547032
201228007335063
201228015814001
201228000206037
201228010515034
201228013626042
201228005811029
2012e8002761012
201228010210003
201228007513024
201228016514037
2012e8013761100
201228004215005
201228006912013
2012e8008222026
2012e8006961043
201228000907004
201228013229025
201228005811056
201228002822015
201228008805019
2012e8004561066
2012e8008561034
201228017315044
201228013727080
201228007313011
201228010515083
201228011215048
201218000807125
2012e8001061076
201228016514026
201248600108079
201228017808003
201228013626081
201228015329003
201228000718066
201228017808005
201228012815002
201228006812008
201228014628047
201228008515010
201228006010055
201228010315035
201228017826009
201228008107005
201228014628038
2012e8000561034
2012e8010761054
201228001736032
201228003308014
201228013524023
2012e8018415012
201228012250022
201228015547029
201228013229184
201228015329018
2012e8014661099
2012e8013261182
201228002006006
2012e8013261153
2012e8009327018
2012e8000961083
2012e8006561047
2012e8016561072
201228013626036
201228004133025
201228006812012
2012e8003061077
201228013626070
201228000907042
201228018115003
201228003833076
201228012715031
201228004508027
201228011042051
201228018012002
201228003208059
201228007513005
201228004237017
201228004133017
201228008311002
