201228013229145
2012e8015661010
2012e8008561029
201228016514039
201228001707007
201228013727076
201228002509026
201228000718062
201228017110014
201228015926031
201228001007013
2012e8007361067
2012e8015961049
201228007335064
2012e8004161058
201228008208018
201228000718035
201228003908004
2012e8009161011
2012e8009029030
201228000807060
201248260508099
201228006069073
201228006310032
2012e8015661011
201228017220002
201228000907039
201228005811043
201228008437013
201228003833094
201228000807073
201228000718028
201228010315030
201228008006006
201228005417014
201241065708015
